#z II_integral II_yield II_yield_err IIb_integral IIb_yield IIb_yield_err IIn_integral IIn_yield IIn_yield_err Ia_integral Ia_yield Ia_yield_err Ib_integral Ib_yield Ib_yield_err Ic_integral Ic_yield Ic_yield_err Ic-BL_integral Ic-BL_yield Ic-BL_yield_err 
0.4 2.4008609178327025 0.00027549717952810607 0.00010083992063854279 2.0886409164772517 4.025276684045242e-05 1.473367466275234e-05 3.0063100969118906 2.4982568768914625e-05 9.144341355216221e-06 3.0965236926245345 0.0002554983055633566 7.669833158830418e-05 2.5056708700099097 4.784683749132473e-05 1.7513323743258896e-05 2.632494081741702 3.490873609537086e-05 1.277760514092633e-05 2.250722066218248 4.3774380853725494e-06 1.6022687052012779e-06 
0.5 5.465095696742761 0.0007772306488805044 0.00028670078763122226 4.614423573006469 0.00011021771557178683 4.0656536011363074e-05 7.4789628152204 7.702765596304962e-05 2.8413559946203866e-05 7.658267548782764 0.0007032134165007659 0.00021112242902890076 5.733100154068431 0.00013568153065636416 5.0049495297463675e-05 6.165204958730979 0.00010132491137369795 3.737620478470001e-05 5.3502378565540445 1.2896540467556302e-05 4.757208577778036e-06 
0.6 7.854918475781179 0.0013574991613648237 0.000505042692380473 6.474252020766464 0.00018791839311688933 6.99129796236095e-05 12.089224563585343 0.0001513036810429597 5.629087708915087e-05 12.195773655195437 0.0012376860339046503 0.0003716311910132187 8.381251583432151 0.00024103817137787416 8.967561122966443e-05 9.190504054429475 0.00018354974503281815 6.82876719599025e-05 8.00419219774698 2.3445709777949224e-05 8.722719488917904e-06 
0.7 9.27715548191386 0.0019113162906854036 0.0007176802728066647 7.2218176740155675 0.00024988837166134073 9.383060020945691e-05 16.09674667478683 0.00024016460185687655 9.017942128109934e-05 15.915655157455003 0.0017743345554757225 0.0005328385193292715 9.928728169722042 0.00034040066944236665 0.00012781706852996196 10.94628604655401 0.00026061600646098043 9.785872046725828e-05 9.773971473606915 3.4130038773818513e-05 1.2815490380878992e-05 
0.8 9.867816491624191 0.0023779019967801714 0.0009017646332581874 7.088007078741371 0.00028686583691896065 0.00010878726985965186 19.01381866399654 0.00033181452716185604 0.0001258330266768819 18.476281577974166 0.00225061970445416 0.0006759643334872606 10.327692417794026 0.00041414768774327066 0.0001570559839128064 11.455112942502588 0.0003189986382981588 0.00012097289562997648 10.239123394070297 4.1819963773578014e-05 1.585925927402196e-05 
0.9 9.932927952585503 0.0027466068757282156 0.0010527084659248198 6.380341326905872 0.000296309060391341 0.00011356814808871814 21.124480364356405 0.00042301757700848475 0.0001621324800746263 20.21982579787477 0.0026783088280527743 0.0008045375584710226 9.84231569710722 0.00045289295741078204 0.00017358299603675655 11.172222642420229 0.0003570058773860776 0.00013683178063464183 10.190000773710942 4.775748224312092e-05 1.8304296225595878e-05 
1.0 9.404224927641454 0.002926829348676672 0.0011346809641285692 5.493439195466397 0.00028714450937113325 0.00011132094492792227 22.29040309815347 0.0005023951946595603 0.00019476990146610854 20.713567839085208 0.002970753147938351 0.000892520379721181 8.930348374264268 0.0004625107731883703 0.00017930740317282677 10.101067374972667 0.00036329400211072404 0.00014084278222900286 9.329559436833357 4.921341670681094e-05 1.9079187907622047e-05 
1.1 8.546578602208559 0.002936149893642657 0.0011524367412556634 4.2828035702831055 0.00024711316836219146 9.69917425146774e-05 22.67787154770413 0.0005642107856535005 0.00022145233137029754 20.313399959504515 0.002899181099118296 0.000871476887061558 7.463799162930952 0.00042670225243762895 0.0001674803300575364 8.586627744906858 0.0003408985341942364 0.0001338024317819284 8.197725983808423 4.773394383439675e-05 1.8735538944691243e-05 
1.2 7.718849559378688 0.0028710839316059187 0.0011420241830889914 3.3656437043656315 0.0002102535085413159 8.363203481800838e-05 22.398502087115194 0.0006033446258913159 0.00023999094764159582 18.966604409851524 0.0026943993966984142 0.000811121570428407 6.12731095250313 0.0003792645853535036 0.0001508591662872957 7.132070270701338 0.00030656706221826146 0.00012194244652261781 6.976209117904173 4.3980563639518667e-05 1.749404352457251e-05 
1.3 6.954664661295244 0.0027482203507110266 0.0011089093189906103 2.498894328634632 0.00016584601846680053 6.691901373474029e-05 21.842414479944026 0.0006250707292489558 0.0002522165868224835 16.263713606712265 0.0023001787608261256 0.0006940404417327476 4.665744482421013 0.0003068141372664282 0.0001237997731603951 5.548332024146412 0.00025336951847036823 0.00010223482265796598 5.673115731571488 3.7996622032647335e-05 1.5331670275735115e-05 
1.4 6.163470405463264 0.002540974637627511 0.001040964576378183 1.7940394919535452 0.00012421922496104806 5.088906082523413e-05 21.067484939162135 0.0006289858399104388 0.00025767749457018693 13.141182179025053 0.0018506656596587324 0.0005600863787760545 3.4488085462376623 0.00023660458699721555 9.69301267417046e-05 4.2045622391672 0.00020031449081232158 8.206311309960717e-05 4.6408406171531755 3.242796212035116e-05 1.3284807865275341e-05 
1.5 5.333596851834145 0.00225537133029831 0.0009387038406203683 1.2616103279667386 8.959935977861504e-05 3.729198026570087e-05 19.91477487448811 0.0006098547800432078 0.000253826505886962 10.58787394216623 0.001485010128168806 0.0004510456330981452 2.490926962822514 0.0001752822430066385 7.29538912251409e-05 3.0926414090132157 0.0001511276756375781 6.290056437236877e-05 3.7250029851448603 2.669761606252595e-05 1.111176434524704e-05 
1.6 4.5282595436833875 0.0019338284499722728 0.0008180207160219517 0.8363240981493579 5.998505288653142e-05 2.5374027315379825e-05 18.67126667132587 0.0005774489247262054 0.00024426426391514164 7.932118334175126 0.0011081702943650815 0.00033797381969542556 1.6631016049683225 0.00011819101857200202 4.9995490365765956e-05 2.1440703093333395 0.00010581377865219754 4.475984567260865e-05 2.9685022759894544 2.148681322199955e-05 9.08904734395754e-06 
1.7 3.8491422669985833 0.0016373557031005939 0.0007039677505688566 0.5719151919307576 4.085944918565706e-05 1.7567187434129788e-05 17.361308737074275 0.000534828688481958 0.00022994523917885948 5.929445942409626 0.0008252630339168114 0.00025283793596403415 1.1488773455551142 8.132644678962761e-05 3.49656435066844e-05 1.5731637367218732 7.733383849125317e-05 3.324905408302603e-05 2.432602957993059 1.7538736061016713e-05 7.540636740883104e-06 
1.8 3.25012100895446 0.0013606888176852321 0.0005944776000828984 0.38092957549326556 2.6784637841288525e-05 1.170206370187296e-05 15.97773327569863 0.00048442618783458414 0.00021164318675824485 4.442216584600309 0.0006160253449379819 0.0001896619571220196 0.7024048253136589 4.893570278695875e-05 2.1379744415516242e-05 1.0388148833101947 5.025901982683055e-05 2.195789448758789e-05 1.964184014213296 1.3937646496971787e-05 6.089282525609991e-06 
1.9 2.7171275677471405 0.0011082087512249957 0.0004917770576615626 0.2476761815740453 1.6965926890755444e-05 7.528774337519154e-06 14.715229220961374 0.00043464204883449315 0.0001928761054048237 3.208180124596123 0.0004433366126356938 0.00013720820857134 0.41871374588774235 2.8418936638302123e-05 1.261114481040327e-05 0.665494281431113 3.1366960793102485e-05 1.3919355599354709e-05 1.6114501895223146 1.1139775042934068e-05 4.943369908936576e-06 
2.0 2.3075286784171816 0.0009091386923681248 0.00040952379724993205 0.165218444817316 1.0932597652399465e-05 4.924615949139969e-06 13.645941865268634 0.0003893495814092732 0.00017538349250219144 2.2718459033790945 0.00031288259102540115 9.73651732383418e-05 0.2587555623483251 1.696491887835942e-05 7.641890129003157e-06 0.4310550393393407 1.9626024085704705e-05 8.840591623661726e-06 1.3991464252934023 9.343168684523267e-06 4.208653696242985e-06 
2.1 1.9299670957450255 0.0007294709823100446 0.0003333114926807152 0.10608191225384352 6.734126292887689e-06 3.076971861820884e-06 12.547188114972487 0.0003434453861126858 0.00015692782451333926 1.5651595173058621 0.00021485085759009298 6.723984776762658e-05 0.1470467934967202 9.248956426485978e-06 4.226053601869896e-06 0.25935021870150865 1.13282102575101e-05 5.176110855533463e-06 1.2353107319681516 7.913749859256125e-06 3.6159680676226646e-06 
2.2 1.6411011622839529 0.0005918060086941423 0.0002740875732551423 0.06975080092845265 4.22449710892605e-06 1.9565231575864643e-06 11.491410310782912 0.00030010311972644596 0.00013898901769114996 1.1220004147426013 0.0001535297964568459 4.833086830645004e-05 0.07801658595813901 4.681769385206628e-06 2.1683031102759495e-06 0.15490432325887785 6.455414339169213e-06 2.9897446537988334e-06 1.1269173964803059 6.8878564729315095e-06 3.190024835606586e-06 
2.3 1.3534513559659958 0.00046366949102972577 0.00021750172953231733 0.043467735926875105 2.501005750633866e-06 1.17319143669572e-06 10.44509701968946 0.00025913824226271137 0.00012155860364013243 0.8590092525404157 0.0001171820529438797 3.7110403793145366e-05 0.043080056547793524 2.4559594534459646e-06 1.1520607655238116e-06 0.08983915461963086 3.556707022129544e-06 1.668408087482553e-06 1.0036622491767553 5.82775716307345e-06 2.733730139215831e-06 
2.4 1.1080785221801905 0.00035945046269415543 0.0001706586992586177 0.026030005674719914 1.4181578518896592e-06 6.733082843540875e-07 9.419581849270013 0.00022128567224648043 0.00010506127800504618 0.63863981328498 8.686058542728131e-05 2.76762796167246e-05 0.02342966960006749 1.264776340642707e-06 6.004863188361346e-07 0.05253147040557524 1.9692671384619315e-06 9.349621247493192e-07 0.8927170504975334 4.908291281926276e-06 2.3303422660180966e-06 
2.5 0.9109066404679417 0.00027912348759864976 0.0001340397460171858 0.013991483637747418 7.200590031590254e-07 3.4578432195431864e-07 8.57773882314098 0.00019034807738870435 9.140831596633067e-05 0.4860144898013865 6.591087351861233e-05 2.1131443267767914e-05 0.014152161476871674 7.216462327149789e-07 3.4654653601369893e-07 0.028510910263196767 1.0096019125346717e-06 4.848276477871977e-07 0.8071540925291851 4.192054848736401e-06 2.0130945340676433e-06 
2.6 0.7264538210799684 0.00020991353043668087 0.0001018974009432662 0.0084527027907282 4.102133787445673e-07 1.9912807449463438e-07 7.680848936887748 0.0001607292082093175 7.802207193661021e-05 0.32498918957565787 4.3949437330306547e-05 1.4178809978162206e-05 0.008510753448062887 4.092413310562141e-07 1.9865621766468136e-07 0.012757448498952979 4.2600315037822104e-07 2.067928338248689e-07 0.7456094233783627 3.6516722986902783e-06 1.7726152075999799e-06 
2.7 0.588865124504161 0.00016027342688231834 7.86018837337209e-05 0.0042499632137833615 1.9427309585508882e-07 9.52761264922847e-08 7.024995946769218 0.00013846656799490056 6.790728376035768e-05 0.2340744868498864 3.1568108609824415e-05 1.0248690405014536e-05 0.006233674075960255 2.823376783763916e-07 1.384650830838266e-07 0.006777658626389628 2.131777853821521e-07 1.0454743388948276e-07 0.7038042508340279 3.246725431036571e-06 1.5922710321345568e-06 
2.8 0.4881656666294421 0.0001250629635650738 6.193510627321338e-05 0.002469128851770171 1.0623974986685656e-07 5.261325984026937e-08 6.3721827001762295 0.0001182232419367046 5.854786136987459e-05 0.17072724897966496 2.296355579009596e-05 7.502467522670842e-06 0.004226333768505299 1.8017906738842355e-07 8.923033141705403e-08 0.003271992135793024 9.687022353661354e-08 4.797317621797999e-08 0.648575570674877 2.8162425700565084e-06 1.394691744825314e-06 
2.9 0.38551181077074254 9.293438399556515e-05 4.645496163737208e-05 0.0006896835179454749 2.7923534225232833e-08 1.3958092316778463e-08 5.734568135900502 0.00010011349316812268 5.0043571437783324e-05 0.13546298813078989 1.8173092835837928e-05 5.975092623704779e-06 0.0029707438961940062 1.1917440954808627e-07 5.957152117107708e-08 0.0020056939578219114 5.5875313069224125e-08 2.7930303225884923e-08 0.5935105061916366 2.4250189473757877e-06 1.2121903360936735e-06 
3.0 0.3321449875574682 7.534092669233487e-05 3.7998407034902966e-05 0.0 0.0 0.0 5.283448821813211 8.679084585901366e-05 4.377320578125902e-05 0.12950541623715064 1.7329921180181115e-05 5.734076443863186e-06 0.0014441753641258996 5.4513271458683154e-08 2.7493920882472318e-08 0.0 0.0 0.0 0.541052316596578 2.080130127385337e-06 1.0491194459119156e-06 
