#z II_integral II_yield II_yield_err IIb_integral IIb_yield IIb_yield_err IIn_integral IIn_yield IIn_yield_err Ia_integral Ia_yield Ia_yield_err Ib_integral Ib_yield Ib_yield_err Ic_integral Ic_yield Ic_yield_err Ic-BL_integral Ic-BL_yield Ic-BL_yield_err 
0.4 0.31629390019438397 3.6294512838402185e-05 1.3284839432868548e-05 0.25942198239471065 4.9996399516268765e-06 1.8300125496998336e-06 0.3981158218374872 3.3083599417320806e-06 1.2109552429518134e-06 0.42240872738697716 3.485350826141177e-05 1.046271491998829e-05 0.3204125916946066 6.118412992096362e-06 2.2395157787591153e-06 0.35510205705144365 4.708904792040658e-06 1.7235950884767238e-06 0.3033848070231938 5.900542891189442e-07 2.1597690324490546e-07 
0.5 0.827295895387891 0.00011765571204393385 4.3400225352531426e-05 0.7155070538607059 1.709022843359072e-05 6.30415431991191e-06 1.2592380008183175 1.2969198256372577e-05 4.784010203924885e-06 1.3078374223944647 0.00012009097569015406 3.605434409701481e-05 0.9225028298392037 2.1832270957029688e-05 8.053374230898366e-06 0.9952205574499664 1.635641239113918e-05 6.033468085844437e-06 0.8907500079211634 2.1471182836402443e-06 7.920177928440119e-07 
0.6 1.5719781149131653 0.00027167168943357546 0.00010107247605010564 1.3132110176262535 3.811660458446372e-05 1.4180865190653274e-05 2.6077150213742177 3.263707111814327e-05 1.214226478957674e-05 2.715382705594681 0.0002755701562228528 8.274349274323886e-05 1.7550148081492125 5.047283879815794e-05 1.8777866774575976e-05 1.9436123603566076 3.881719120880529e-05 1.4441510769724919e-05 1.6706250815110824 4.8935595049675205e-06 1.8205952077554577e-06 
0.7 2.236597458875543 0.00046079266076636997 0.0001730230648363943 1.7241414301311284 5.965851173998972e-05 2.240117828192715e-05 3.9794915404057125 5.937429598065058e-05 2.2294458088784587e-05 4.213697973573678 0.000469758225274676 0.00014106994446207727 2.527467789669886 8.665276286053602e-05 3.253725131328189e-05 2.7374419924952167 6.517472656648545e-05 2.4472462130044178e-05 2.4653436416398615 8.608811096611902e-06 3.232523013834559e-06 
0.8 2.5486925996911234 0.0006141724693733977 0.0002329107811641145 1.8806308029448484 7.611289368494096e-05 2.8864064100605293e-05 5.033838484400892 8.78466743597077e-05 3.3313830508657666e-05 5.189318570914696 0.0006321175924442197 0.00018985390833310895 2.732250880169286 0.00010956517086111321 4.15500707149523e-05 2.9846116506627105 8.31145932117037e-05 3.15192975856205e-05 2.828070888426759 1.1550776131051446e-05 4.3803661445127095e-06 
0.9 2.744089548774165 0.0007587828340499764 0.0002908232409456326 1.913382750402925 8.885929700187883e-05 3.4057634915519e-05 6.0182196392291605 0.00012051480773875879 4.619043209169015e-05 5.84026050345466 0.0007735982209191255 0.00023238127634007713 2.847398419870659 0.00013102269130434724 5.021785155466458e-05 3.237034942374493 0.00010343872805970609 3.964558076920902e-05 3.022677812099942 1.416638576814043e-05 5.429635511898428e-06 
1.0 2.6573813990193593 0.0008270433692431848 0.0003206303667869452 1.8143297926397854 9.483582499191565e-05 3.676620414661649e-05 6.45309086285607 0.00014544384082802755 5.638605394329727e-05 6.185337924387106 0.0008871051212752817 0.0002665180714333958 2.803968661729684 0.00014522005854440128 5.6299297434088864e-05 3.230756124472638 0.00011619705905650129 4.504758402082713e-05 2.7964328459694845 1.4751180468176664e-05 5.718776765455434e-06 
1.1 2.412165077242092 0.0008286916396185353 0.00032526087810966063 1.4643644097957107 8.449225443172226e-05 3.316314966394185e-05 6.62206339734315 0.00016475265697677517 6.466530047754931e-05 5.894167344415559 0.0008412308424013664 0.00025286907260090464 2.390271030524784 0.00013665078740688157 5.3635336693874255e-05 2.7781708768110223 0.00011029642925975791 4.329126989853912e-05 2.5020190149048123 1.456882498463003e-05 5.71825342621779e-06 
1.2 2.3083076175047776 0.0008585923146758363 0.00034152020983437595 1.1932132066573353 7.454064814172755e-05 2.964985518670124e-05 6.880108771573054 0.00018532831511372476 7.371760029064221e-05 5.5067689771832375 0.0007822926386429657 0.00023550125284625296 2.154225479714809 0.00013334094509896214 5.3038708559725185e-05 2.2778408134627166 9.791139737542868e-05 3.8945982167867693e-05 2.248541872282597 1.4175627083231252e-05 5.6386052533289105e-06 
1.3 2.086131888999937 0.0008243603956238941 0.0003326301417852515 1.0186694005699763 6.76068060512191e-05 2.727940546615604e-05 6.98563981325442 0.0001999100866962703 8.06638951059222e-05 5.214786615381441 0.0007375278306665621 0.00022253667849805409 1.8907900512928624 0.00012433623841277 5.016978111980245e-05 2.0972524327272053 9.577289835545684e-05 3.8644448384799035e-05 1.8342072218209822 1.2284903364341981e-05 4.956969269255788e-06 
1.4 1.9743809107774846 0.0008139654268242424 0.00033345833648765227 0.6132189311191509 4.2459255048013004e-05 1.7394341442800066e-05 6.736793133880196 0.00020113210000400903 8.239806418226045e-05 4.606800283275335 0.0006487732206294019 0.00019634505124832002 1.353942238612567 9.28868448016587e-05 3.805308152951312e-05 1.6337268578497786 7.783430118076047e-05 3.188648527085362e-05 1.569145989395194 1.0964437459311441e-05 4.491816181886019e-06 
1.5 1.8116752663058082 0.0007660872332395278 0.00031885172008330005 0.5082060046479767 3.609270758388011e-05 1.502207763849464e-05 6.850146751830032 0.00020977363625399154 8.730948884877273e-05 4.040974249528832 0.0005667698464298019 0.0001721463438899921 1.0566295682423426 7.435320405331787e-05 3.0946406593741624e-05 1.1975829267119826 5.8522117556130954e-05 2.4357379990243458e-05 1.373237134546132 9.842182120960146e-06 4.096396027082785e-06 
1.6 1.6258116175597517 0.0006943154936245228 0.0002936995043422856 0.3258895507724478 2.3374313835402734e-05 9.887471114840673e-06 6.370282027836175 0.0001970146199468026 8.333833359313072e-05 3.4590033366316333 0.0004832460364654272 0.00014738213939444298 0.706301457631764 5.019446102812099e-05 2.1232549842333847e-05 0.9453310330176331 4.6653809926542624e-05 1.973483377070475e-05 1.0608624545972378 7.67880611058821e-06 3.2481797818556082e-06 
1.7 1.328197933130148 0.0005649914473940303 0.00024291347173948944 0.22235218705116822 1.58855508934214e-05 6.829863240963662e-06 5.849284875916071 0.0001801917934944077 7.747199420200323e-05 2.6638448182571675 0.00037075515620690625 0.00011358920076483946 0.4573800713443967 3.237690792558301e-05 1.3920187897832346e-05 0.670245995482438 3.2948061510784615e-05 1.4165750730540181e-05 0.7931066243742763 5.71819075835558e-06 2.458489549864104e-06 
1.8 1.2538740018561834 0.000524944249279134 0.00022934530910576564 0.19768471286493486 1.3899979895207692e-05 6.072826190606012e-06 5.699413272555879 0.00017279954527200315 7.54951886379653e-05 2.0423243728873475 0.0002832197738049678 8.719773794520372e-05 0.359773138385439 2.5064963588340066e-05 1.0950747302759549e-05 0.40012467084607983 1.9358476749174833e-05 8.457614003683414e-06 0.7509167003852788 5.328427195674122e-06 2.3279610814245466e-06 
1.9 1.0558548364939668 0.0004306413816249435 0.00019110077530855738 0.104524718430694 7.159988981991749e-06 3.177305999939924e-06 5.323280401672118 0.00015723312668534245 6.977353709106987e-05 1.4743084283799552 0.0002037338550934718 6.305357258115525e-05 0.15605260810965396 1.0591601602921906e-05 4.700113283215646e-06 0.3239709404359866 1.526982886300282e-05 6.7761164139359286e-06 0.5552646299624042 3.838482323125854e-06 1.7033591736810817e-06 
2.0 0.8441350301588205 0.00033257910277723177 0.00014981108844959183 0.0618205761705251 4.090702382891758e-06 1.8426671170462594e-06 4.648087589712758 0.0001326204504809147 5.973921353239392e-05 0.9133655062135868 0.0001257902948929225 3.914437621413454e-05 0.11358181865336352 7.446820937966653e-06 3.3544391120486515e-06 0.13254694175984438 6.034889362277751e-06 2.7184310032890826e-06 0.3797685730135454 2.5360046486929884e-06 1.1423496352036305e-06 
2.1 0.7422902243812625 0.0002805639434642877 0.00012819589682968788 0.03459708894736299 2.196238372667249e-06 1.0035100888567666e-06 4.529072438104539 0.00012397112548117302 5.664516051424717e-05 0.6021165512328461 8.265308166431814e-05 2.5867155900476263e-05 0.059866398896997235 3.7654796928387674e-06 1.720531299414415e-06 0.10395540970850017 4.540689205814217e-06 2.074741742565828e-06 0.3328263283415854 2.1321795730483952e-06 9.742402006253249e-07 
2.2 0.5842234436604465 0.00021067984858230986 9.757374474636303e-05 0.025501501758232497 1.5445130237490978e-06 7.153219472618417e-07 4.110081275285431 0.00010733653917874704 4.9711579661086125e-05 0.408687287831388 5.5923041819594974e-05 1.7604460058270494e-05 0.03372478064579848 2.023821519632088e-06 9.373077002740881e-07 0.0675265915934846 2.814073348484293e-06 1.3033029805661497e-06 0.32106923250696623 1.9624142801321174e-06 9.08867703032453e-07 
2.3 0.49364632643060974 0.0001691148632094062 7.932972936386054e-05 0.014343639017188499 8.252908255298604e-07 3.87133907648866e-07 3.8069399772057717 9.444849887302247e-05 4.4304644265017036e-05 0.3184850279484297 4.3446248450193474e-05 1.3758999631591673e-05 0.018786925715796085 1.0710275591608917e-06 5.024060262773161e-07 0.04139690178206938 1.6388917714784497e-06 7.687842346952982e-07 0.3075177719763336 1.7855995877870778e-06 8.376030903680567e-07 
2.4 0.41262781278131394 0.00013385266048916494 6.355012248467382e-05 0.004038086756748884 2.200016593256735e-07 1.0445165860644046e-07 3.2890131777942355 7.72657962659068e-05 3.6683998649184134e-05 0.22131331483295827 3.010054132134873e-05 9.590897806253654e-06 0.009852295595177675 5.318449035987767e-07 2.5250756049998525e-07 0.018906852049828823 7.087683277477412e-07 3.3650667739452556e-07 0.236277937765328 1.2990912869858791e-06 6.167782553220748e-07 
2.5 0.3427580749072449 0.00010502923682888283 5.043678821169334e-05 0.0038613559418857997 1.987211779925367e-07 9.542921828440368e-08 3.0983309917948416 6.875487346512934e-05 3.301723497365139e-05 0.16870772890782987 2.2879305072160394e-05 7.33525003278535e-06 0.00877555615678029 4.4748267258459137e-07 2.1488862974718827e-07 0.0029030743068931136 1.0280097497458587e-07 4.9366739769767833e-08 0.21582562953215154 1.1209171645612736e-06 5.382830851559766e-07 
2.6 0.2798184061845571 8.085533838344241e-05 3.9249250948815415e-05 0.0022162990149247326 1.0755796456226838e-07 5.221138921747141e-08 2.943267855824231 6.159073247002956e-05 2.989771811198775e-05 0.1369234631989896 1.851664411597789e-05 5.9737733700781964e-06 0.000921204092332824 4.429628836287385e-08 2.1502552247206463e-08 0.001694237474661724 5.6574831695692966e-08 2.7462871481420567e-08 0.23550057410925915 1.1533799008385687e-06 5.598801275513936e-07 
2.7 0.20765511152342953 5.65181990723495e-05 2.7717863146371677e-05 0.0019193201564577003 8.773541086728044e-08 4.302752301779734e-08 2.704512760096283 5.330744712545675e-05 2.614323436269448e-05 0.10181278669779022 1.3730830521507934e-05 4.45775934054105e-06 0.0025946900586964303 1.1751958128574511e-07 5.763438546453623e-08 0.001494502927666473 4.700662012196869e-08 2.3053159599907362e-08 0.22638868302031756 1.0443555769802762e-06 5.121767047430795e-07 
2.8 0.17710493371327668 4.5372440927910325e-05 2.2469857347359476e-05 0.0 0.0 0.0 2.530650814991354 4.695121870089622e-05 2.325171767086595e-05 0.06973796463403334 9.380058843167487e-06 3.0645770835698353e-06 0.001272304405964572 5.4241485376568734e-08 2.686208662780262e-08 0.0 0.0 0.0 0.22521681305559718 9.779356563794794e-07 4.843044421757382e-07 
2.9 0.15767880137342416 3.801124081127726e-05 1.9000618046395635e-05 0.0 0.0 0.0 2.2993600732968895 4.014198864391281e-05 2.006571155181686e-05 0.05918363197455318 7.939804466716586e-06 2.61051145951234e-06 0.0011828192083108572 4.744999423651957e-08 2.371875259921271e-08 0.0 0.0 0.0 0.18828870206746734 7.693270217241475e-07 3.8456226580782486e-07 
3.0 0.1459605185109088 3.310843498188538e-05 1.6698331756228532e-05 0.0 0.0 0.0 2.0716935300800654 3.403156534685396e-05 1.716391513692676e-05 0.05756021981393201 7.702489219931084e-06 2.548578353929673e-06 0.0 0.0 0.0 0.0 0.0 0.0 0.16436002669618432 6.318986774129519e-07 3.1869986477876797e-07 
