#z II_integral II_yield II_yield_err IIb_integral IIb_yield IIb_yield_err IIn_integral IIn_yield IIn_yield_err Ia_integral Ia_yield Ia_yield_err Ib_integral Ib_yield Ib_yield_err Ic_integral Ic_yield Ic_yield_err Ic-BL_integral Ic-BL_yield Ic-BL_yield_err 
0.4 1.4047114360223845 0.00016118969483013142 5.900008146095421e-05 1.278209047076494 2.463393795430674e-05 9.01673241294891e-06 1.6047846874826674 1.333583114247576e-05 4.8812991710467535e-06 1.6954738102030087 0.0001398958085370745 4.199548442144076e-05 1.4480979192328474 2.7652037880292516e-05 1.0121444111039265e-05 1.4931838450822699 1.9800675394248636e-05 7.247618791472519e-06 1.2943925161477294 2.5174690303395464e-06 9.214663382916061e-07 
0.5 5.489296251904143 0.0007806723842562562 0.0002879703570241272 4.755620829211524 0.00011359027961531392 4.190058984404282e-05 7.100221534130784 7.312690744757303e-05 2.6974672180584634e-05 7.392393162488119 0.0006787997440408609 0.00020379282792871257 5.730095183831286 0.00013561041399166344 5.002326215314187e-05 6.053024612940772 9.948123161428194e-05 3.669611781190027e-05 5.247747414950965 1.2649491240379858e-05 4.66607834749544e-06 
0.6 9.932358601575288 0.0017165255773927345 0.0006386145375403226 8.176842950153876 0.0002373369437941915 8.82986100519277e-05 15.46356173978685 0.0001935354745838995 7.200275325158515e-05 15.670441103200236 0.001590312074240075 0.00047751170655778105 10.623648154462511 0.00030552772447202387 0.00011366824301319873 11.651963701945649 0.00023270921311361543 8.657691354628859e-05 10.165327033286363 2.977606003607207e-05 1.1077856957186713e-05 
0.7 13.036239592974148 0.0026857776774254667 0.0010084828270581741 9.942697895425503 0.0003440359060777865 0.00012918206376018069 24.136486340935118 0.0003601180877980977 0.00013522076317409108 23.974041375285324 0.0026727124724519043 0.0008026243709334301 14.117971389215962 0.00048402643620686737 0.00018174711662087705 15.666862316963664 0.00037300643099003153 0.00014006020796043564 14.050955654160305 4.9064974517336344e-05 1.842341033164454e-05 
0.8 14.86409211368267 0.003581882004742546 0.001358346356054373 10.290871885720211 0.00041649218790666616 0.00015794508166909777 31.554356102864844 0.0005506623332847218 0.00020882602297991212 30.886297784691845 0.0037622997949291995 0.001129991205633458 15.597826661373027 0.000625483756129114 0.00023720032647201966 17.606061305394846 0.0004902884511401306 0.00018593061696056836 15.800285110264237 6.453358607887464e-05 2.4472878050504408e-05 
0.9 14.803026566177813 0.004093263813281588 0.001568849735134657 9.010283520489347 0.00041844605280866824 0.00016038032461697597 36.2237825914743 0.0007253810024024438 0.0002780211208958054 34.56195786541506 0.004578061047165827 0.0013752043897401933 14.615720208973674 0.0006725405843338405 0.0002577686574160883 16.985123172821027 0.0005427558145681543 0.00020802527146311411 15.628418621430855 7.324571816781461e-05 2.80733250504073e-05 
1.0 13.592104482323922 0.00423020191618519 0.0016399758977699728 7.462549023535439 0.0003900707556369312 0.00015122366505057464 38.588607215758735 0.00086973442106161 0.00033718094697669733 34.89629517409965 0.00500484897363876 0.0015036354365219463 12.794050350089563 0.0006626153730669404 0.000256884485150441 14.844390310912765 0.0005338918912972547 0.00020698062435088588 13.964459091663265 7.366250775465358e-05 2.8557676366396184e-05 
1.1 11.976522490359292 0.004114496206375521 0.0016149368294346626 5.66328914291033 0.0003267657039342718 0.00012825530597449671 39.168161354414934 0.0009744785371012829 0.00038248213149885777 32.17515044824732 0.004592120877194678 0.0013803646858366598 10.35732321764812 0.0005921238031356029 0.00023240817084407118 12.131911270107876 0.0004816501765093316 0.0001890473511054282 11.830912351087887 6.88893611218437e-05 2.703902515683498e-05 
1.2 10.482352604422825 0.003898989596373001 0.0015508917589113272 4.343509559126404 0.0002713412958729097 0.00010793077776177723 38.5059909231751 0.0010372293021095366 0.0004125762167304681 27.97697555993599 0.00397441442027355 0.0011964570917198819 8.186280954746119 0.0005067094645524249 0.00020155261082711236 9.71419731156752 0.00041755799067904286 0.00016609104246241452 9.804894003737495 6.181362362022522e-05 2.4587457106895728e-05 
1.3 9.250580498169946 0.0036554794255495345 0.0014749891504593385 3.1704526417562655 0.00021041583925644476 8.49029754671359e-05 37.45969785827933 0.0010719950708389001 0.0004325509501658774 22.012873929007842 0.0031132831222107716 0.0009393810734093665 6.049516825442205 0.00039780945841973967 0.00016051646495890534 7.332958966723393 0.00033486609566187834 0.00013511876294685943 7.9017691326534605 5.292339330428301e-05 2.1354635559896418e-05 
1.4 7.981413628694353 0.0032904464966604418 0.0013480017442005375 2.2363647127327724 0.00015484580612180594 6.343589447395075e-05 35.767223384039646 0.0010678577488694382 0.00043747075343574833 16.55235672028988 0.0023310595463439943 0.0007054730243732487 4.347918931637661 0.0002982878142771257 0.00012219997934244652 5.404048380462167 0.000257460619698626 0.00010547424635803576 6.393642670523944 4.467569982138175e-05 1.8302355423108698e-05 
1.5 6.952045986219309 0.002939750723537071 0.001223548094976342 1.6070872480015326 0.00011413507430727845 4.7503943657722434e-05 33.964694320339404 0.001040108729047222 0.00043290168918226813 13.185071979792406 0.0018492820690515777 0.0005616868099350773 3.182482785004282 0.0002239458359122155 9.320807329493304e-05 4.002906614274723 0.000195609478242953 8.141425140139549e-05 5.258085180274958 3.768543003236794e-05 1.5684981639868134e-05 
1.6 5.8620368636448905 0.00250342842594257 0.001058964828823679 1.067421102915109 7.656040457550898e-05 3.2385497778092016e-05 31.55674303622958 0.000975959888255291 0.00041283672634495784 9.93091481856741 0.0013874156100762256 0.00042313907494802495 2.129453109132794 0.0001513330461697891 6.401476138556598e-05 2.7562714483886377 0.00013602702097761482 5.754022343607415e-05 4.247871398334585 3.074722902028644e-05 1.300625725059856e-05 
1.7 4.978554454064466 0.0021177872791165184 0.0009105253942315804 0.732189260545855 5.23099408927386e-05 2.2490233095299915e-05 29.03593372763072 0.0008944746383799849 0.0003845720865227071 7.5413876256483094 0.0010496138243493366 0.0003215728585930503 1.4690595035203757 0.00010399142258838734 4.4710265276734956e-05 2.0096737531818847 9.879186878063353e-05 4.2474759460207254e-05 3.5472807134743833 2.5575410883858585e-05 1.0995939633453035e-05 
1.8 4.26462191620635 0.0017854176312358516 0.0007800393262350699 0.5019077918976675 3.5291086070940954e-05 1.541848501956693e-05 26.647217572347543 0.0008079124743310393 0.0003529725993004059 5.840270197870543 0.0008099007319108299 0.00024935233452810036 0.9226360372624255 6.427894751413444e-05 2.8083125221138473e-05 1.3552106139315687 6.556659729217559e-05 2.8645692459031556e-05 2.958432458592343 2.0992730566307077e-05 9.1716106754484e-06 
1.9 3.6060563881961056 0.0014707676202789244 0.0006526656390370094 0.3324112347982858 2.2770315140567617e-05 1.0104520984405583e-05 24.39589118443272 0.0007205786582271426 0.00031976290745308844 4.295995969869038 0.0005936612743706522 0.00018373217467944767 0.562904373522998 3.82054419795955e-05 1.6953989780911272e-05 0.8843197164818025 4.168093197705932e-05 1.8496268023160913e-05 2.5042779929549606 1.7311793853682986e-05 7.682255743601567e-06 
2.0 3.0655004569084365 0.0012077705048326012 0.0005440432438940115 0.2241007891586715 1.4828875578425628e-05 6.679704083438881e-06 22.371771852223787 0.0006383172442069918 0.00028753159874523524 3.0510828068180054 0.0004202004601678194 0.0001307611601687011 0.3486485539875883 2.2858617537637783e-05 1.0296721427083251e-05 0.5756904433343693 2.6211303605467867e-05 1.1806947249623392e-05 2.2120518575220833 1.4771558766201221e-05 6.653885582053509e-06 
2.1 2.5883440938489004 0.0009783181862836308 0.0004470153068381989 0.1468035377156035 9.319152928295343e-06 4.258127942544765e-06 20.4723383266137 0.0005603749682228142 0.0002560477683810983 2.1289595342751624 0.00029224419406206583 9.146091079234365e-05 0.20083844767943787 1.2632346528465011e-05 5.771999681370666e-06 0.3537488071617053 1.545146514984559e-05 7.060117589448038e-06 1.9788016261626185 1.267676276526022e-05 5.79229444640517e-06 
2.2 2.209220995047441 0.000796678650560914 0.0003689717826256058 0.09735875059472482 5.896588353701525e-06 2.7309313670484583e-06 18.582349165337302 0.00048528603587768925 0.00022475417612237623 1.5368691678749458 0.00021029868387238804 6.620159884151884e-05 0.1082861849751073 6.498245718279728e-06 3.0095814729373822e-06 0.21487231248588431 8.954493831613115e-06 4.147162157833752e-06 1.8018416919228604 1.1013076024623806e-05 5.100568830526317e-06 
2.3 1.8466705413448175 0.0006326380229556267 0.0002967628166674722 0.0622353333074259 3.580838136044996e-06 1.6797277000809498e-06 16.67176014464427 0.00041361900336250667 0.0001940236533548658 1.1908932638688372 0.00016245612848113296 5.14482582882657e-05 0.06142115850029315 3.5015709576203894e-06 1.6425444289448438e-06 0.12812167478542452 5.072301295862187e-06 2.379354962753657e-06 1.58932213679117 9.228386815099564e-06 4.328924227082062e-06 
2.4 1.5240489466466876 0.0004943874356149719 0.00023472362800557484 0.03754461430927182 2.0454928148775983e-06 9.711522987435434e-07 14.816222783443195 0.0003480640511703743 0.00016525269653627536 0.8871497041478371 0.00012066009832295694 3.844577610593433e-05 0.0337267766576313 1.820632979074955e-06 8.64394091212074e-07 0.07516179942570717 2.8176188584472426e-06 1.3377397424531847e-06 1.3994227538991326 7.694234694928518e-06 3.6530432454729964e-06 
2.5 1.249285251016908 0.0003828107522525699 0.00018383209684726842 0.020102322356653657 1.034547770063635e-06 4.968070639091798e-07 13.27288968047338 0.000294537882787313 0.0001414419952290753 0.670254138820007 9.089654052731059e-05 2.9142006270738174e-05 0.02022479889800379 1.0313018231183112e-06 4.952483061425742e-07 0.04020849760175621 1.4238260267431808e-06 6.837449640631317e-07 1.254013603977651 6.512875122101721e-06 3.127591069883099e-06 
2.6 1.0286499366501483 0.0002972350526901989 0.0001442855030609953 0.012405703276979657 6.020542284456638e-07 2.922525335927394e-07 11.91646511740914 0.00024936358190520605 0.00012104746575022896 0.4646633618418782 6.28380695604799e-05 2.027259282061823e-05 0.012670484461567075 6.092628529098093e-07 2.957517844306649e-07 0.018925521926718276 6.319705671550051e-07 3.06774690186832e-07 1.1670804442765987 5.715854970552501e-06 2.7746223145136216e-06 
2.7 0.8359706286980542 0.00022752897371400798 0.00011158559647603262 0.006221355283027045 2.843888030202809e-07 1.39471003178745e-07 10.731020789088008 0.00021151437395921952 0.00010373165753896716 0.33822301959432627 4.5613946058733576e-05 1.4808717781764934e-05 0.009123530962625486 4.1322605564456014e-07 2.0265584266421573e-07 0.009947554177422593 3.128805515897661e-07 1.5344403134687332e-07 1.0805488629273958 4.984689235091514e-06 2.444609635713842e-06 
2.8 0.6927308525763353 0.00017747043534284393 8.788893178269536e-05 0.0035113026280001085 1.510815900264287e-07 7.482034702739212e-08 9.579374201492225 0.00017772633446211784 8.801566106125752e-05 0.24746249637134035 3.3284779526064645e-05 1.0874534400341483e-05 0.006064816916388495 2.585581536459863e-07 1.2804611587136712e-07 0.004667706444008987 1.3819158111297015e-07 6.843680989409587e-08 0.9815580853114173 4.262118078176712e-06 2.110734693916838e-06 
2.9 0.5548079204554915 0.00013374618074685636 6.685548909472233e-05 0.0009373656144064728 3.7951553334793274e-08 1.8970782163151094e-08 8.554207090469435 0.0001493384563257855 7.464957490792419e-05 0.20025235540607836 2.686493702527964e-05 8.832865627555161e-06 0.004227763051698553 1.6960101005034157e-07 8.477818517551214e-08 0.002790929215502919 7.775066732494798e-08 3.8865101511114537e-08 0.8802359710936589 3.5965478046223807e-06 1.7978005890551822e-06 
3.0 0.47193945974060064 0.00010705070849032369 5.399132414711742e-05 0.0 0.0 0.0 7.77914628258286 0.0001277874942478694 6.444998002519768e-05 0.18790140186969206 2.5144249396367522e-05 8.31965977590357e-06 0.001971468316707453 7.441699269389936e-08 3.7532418339418704e-08 0.0 0.0 0.0 0.7911854045827591 3.0417919782187714e-06 1.5341362892423642e-06 
