#z II_integral II_yield II_yield_err IIb_integral IIb_yield IIb_yield_err IIn_integral IIn_yield IIn_yield_err Ia_integral Ia_yield Ia_yield_err Ib_integral Ib_yield Ib_yield_err Ic_integral Ic_yield Ic_yield_err Ic-BL_integral Ic-BL_yield Ic-BL_yield_err 
0.5 1.7381336088209263 0.000247192508162312 9.118308302529146e-05 1.4957049964221294 3.5725629705802375e-05 1.3178283936728387e-05 2.5787439050604184 2.6559110299567834e-05 9.796986071815734e-06 2.66614520922943 0.0002448163464551948 7.350005064862888e-05 1.9073950722138322 4.514107132433848e-05 1.665140292890688e-05 2.058632728658292 3.3833551386948686e-05 1.2480343955775947e-05 1.7663269348613913 4.257662445132175e-06 1.5705443142849392e-06 
0.6 3.877102295537697 0.0006700468160103507 0.00024928357792766725 3.0971363252161876 8.989592614432569e-05 3.3444794564970595e-05 6.0921827531333115 7.62472126551457e-05 2.8366940224954082e-05 6.289727277814774 0.0006383119127095436 0.0001916613824992455 4.201778928204721 0.00012083984107941663 4.495713914417337e-05 4.610299772900626 9.207540117812402e-05 3.425564437642747e-05 3.935430361188928 1.1527579026118007e-05 4.2887094988154366e-06 
0.7 5.547934055536592 0.0011430073324380531 0.0004291878943123502 4.477752350723466 0.00015493858944279625 5.8177900581651234e-05 9.809472171082586 0.0001463580204119326 5.495598218284015e-05 9.916279138165297 0.0011055025107369319 0.0003319860502733238 6.012650004818303 0.0002061402076657012 7.740359939112444e-05 6.608178911764041 0.00015733164569600985 5.907646942293504e-05 5.763446368099355 2.0125559865324963e-05 7.55694772493867e-06 
0.8 7.386432096324345 0.0017799491555035827 0.0006750047729487204 5.41598115981303 0.00021919560052456572 8.312488932953967e-05 13.870250084925031 0.00024205292765628594 9.179300485579265e-05 13.749481183395043 0.0016748420479941368 0.0005030318922509256 7.761730660656279 0.00031125082699581965 0.00011803471641692738 8.742264756841756 0.00024345203465669577 9.232358400195673e-05 7.612402329356889 3.1091566864793296e-05 1.1790761532315873e-05 
0.9 9.37974815071291 0.002593644178868851 0.0009940815370484944 6.352662157519228 0.00029502361369607047 0.00011307546723563917 18.370383462901838 0.0003678668051075742 0.0001409945134455344 17.51691906038195 0.002320283044408722 0.0006969901439138748 9.1212654056068 0.00041971391611509275 0.0001608662661793099 10.295598476112366 0.0003289935480898202 0.0001260953274272182 9.46241975614978 4.4347527887057133e-05 1.699734259827933e-05 
1.0 10.663957473051086 0.003318889535853923 0.0012866758972748594 7.005456283355538 0.00036617831486423943 0.00014196098024676118 23.120446091701112 0.0005211032283134568 0.00020202268156855994 21.549193934670328 0.00309059917703599 0.0009285264085198148 10.551238248692382 0.0005464581174191276 0.00021185233222065672 11.629086130999033 0.0004182505753687627 0.0001621484922998097 10.799336255609939 5.696648795719508e-05 2.2084919131863373e-05 
1.1 11.077759608517002 0.00380572907712344 0.0014937459511989882 6.02081438513998 0.000347394526603108 0.00013635210417403305 27.483857565054997 0.0006837806112866202 0.0002683834027381107 23.94382393765984 0.003417324620155456 0.0010272277999320597 9.963934494625809 0.0005696339356387843 0.00022358091387554132 11.586074107829361 0.0004599798428163568 0.00018054176057099138 10.725916819085699 6.245516281294296e-05 2.451360690494081e-05 
1.2 10.895824916016993 0.0040527837208535825 0.0016120660796758138 5.150756005041549 0.00032177040020472356 0.00012798984188193898 29.64410300266605 0.0007985181404749353 0.000317624649359362 24.92245737183007 0.0035404889908507643 0.0010658282487229923 9.184354754132936 0.0005684876325956183 0.00022612596485400055 10.658398283536105 0.0004581438103826353 0.0001822347668174412 9.993383875818628 6.300193243871996e-05 2.5060127861226422e-05 
1.3 10.089725262524318 0.0039870776881409335 0.0016087893398995926 4.0642400389199995 0.00026973450650733335 0.00010883810966683532 30.96678401939635 0.0008861854666878654 0.000357576612119174 22.961659944109858 0.003247470030150777 0.0009798697269207937 7.322195610270363 0.00048149939147447976 0.0001942854262600219 9.001952365263417 0.0004110821641808429 0.00016587201336058275 8.527262825721674 5.711273978756622e-05 2.304504053582616e-05 
1.4 9.219354727670446 0.0038008045787868284 0.0015570808419981899 2.779540695641804 0.00019245529014768074 7.884342354844438e-05 31.081270774685617 0.0009279550577657568 0.0003801566254541764 19.676458476873332 0.0027710251262609044 0.000838624427035148 5.551681878576191 0.0003808716489795914 0.00015603221254686947 7.14354319407434 0.00034033393635772574 0.000139425072033983 7.0355702015080075 4.9161180659017394e-05 2.0139928530237963e-05 
1.5 7.523221046824448 0.003181278512767566 0.0013240739198467082 2.157951261792955 0.00015325734674486656 6.378695076063837e-05 29.84793683555508 0.0009140403076767841 0.0003804309896874207 16.591444456566695 0.0023270453722374802 0.0007067989862555681 4.377978529222618 0.00030807081375341103 0.000128221571396458 5.064379317793788 0.0002474803165393197 0.00010300331501628026 5.910078772473085 4.2358359066022334e-05 1.7629892605042824e-05 
1.6 6.771287323700414 0.002891730905260149 0.0012232190428771645 1.3986497162800202 0.00010031766080451498 4.243495575945904e-05 28.863648034338233 0.0008926701554051927 0.0003776046834487581 12.438653111278418 0.0017377635202997736 0.0005299894589031407 2.75750203410379 0.0001959663637816657 8.289491511989853e-05 3.4806019302942994 0.00017177405079737683 7.26614255929868e-05 4.544145643249452 3.289174122580691e-05 1.3913398424316851e-05 
1.7 6.021157885601462 0.002561291976081251 0.0011012066269641871 1.010845187343139 7.221801090364027e-05 3.104954567301459e-05 27.173820249470637 0.0008371107769101286 0.0003599089614324118 9.248495463038854 0.0012872098842158625 0.0003943657681272668 2.1625199473005052 0.00015307992981676035 6.581546920212646e-05 2.8138036769795516 0.00013832141818566582 5.947016731383686e-05 3.7353640832025365 2.6931466366850445e-05 1.1578964645184217e-05 
1.8 4.990309359315159 0.0020892324080556213 0.0009127743623771242 0.6955699073558181 4.890822152021004e-05 2.1367737998404796e-05 25.903424718923873 0.0007853615448402676 0.0003431202199252902 7.59053893129655 0.0010526196267933343 0.00032408065701058534 1.2833243588187027 8.940767081771247e-05 3.9061728799340265e-05 1.8656297957215333 9.026124519309166e-05 3.943465083674697e-05 2.9457489124670944 2.0902729435586868e-05 9.132289667220875e-06 
1.9 4.442091270372108 0.0018117531462271954 0.0008039808659476979 0.3602642608100754 2.4678259618713e-05 1.095118757191159e-05 23.928421836908697 0.0007067710693731586 0.0003136356724781733 5.470368096802103 0.000755947100137316 0.00023395800037334793 0.6977233915127639 4.735587749196694e-05 2.101457335564095e-05 1.1312066777270169 5.331753630227388e-05 2.366011015118972e-05 2.1792286141030863 1.5064763829547582e-05 6.685117061448942e-06 
2.0 3.6911857382438864 0.0014542830200735722 0.0006550854227810991 0.24767995007726976 1.638912195157875e-05 7.382520963572696e-06 22.333834397943377 0.000637234802841665 0.0002870440103256132 4.083219186577207 0.0005623480874828174 0.0001749957349131311 0.4935282160211698 3.235743445665406e-05 1.4575487259747126e-05 0.8599438768309899 3.9153420558326746e-05 1.763675619239512e-05 1.9714852545854669 1.3165111927995416e-05 5.930257586913904e-06 
2.1 3.078952228711453 0.0011637536783479817 0.0005317449015099742 0.1907093306358179 1.2106311909805744e-05 5.531642781371962e-06 20.730800903561086 0.0005674496831885879 0.00025928036277171433 2.683459594812836 0.00036836091713278934 0.0001152824441539216 0.23453795828473675 1.4751979998672326e-05 6.740507288970778e-06 0.486590580546645 2.1253887632539076e-05 9.711373288127359e-06 1.8541102604058792 1.1877954617098443e-05 5.4273012627336705e-06 
2.2 2.6895224094127332 0.0009698826367247439 0.00044918904900739483 0.09943985601858799 6.022631692694842e-06 2.7893067677745907e-06 19.188738131539726 0.0005011221443799052 0.00023208847230290176 1.8027726339871966 0.00024668379076982986 7.765555664228136e-05 0.1326044898722244 7.95758534419636e-06 3.685456423083889e-06 0.22924069195855756 9.553275330587214e-06 4.424480342429454e-06 1.5801228366389404 9.657903358634174e-06 4.472937508934302e-06 
2.3 2.1543055858758455 0.000738028574224314 0.0003462002448803936 0.0571791118590703 3.2899180168078418e-06 1.5432606037677863e-06 17.41665501551917 0.0004320995160035246 0.00020269263749082562 1.3837210975323249 0.00018876080604611104 5.9778690991576806e-05 0.0974299093161628 5.554400945782155e-06 2.6055020560887124e-06 0.15589981546420556 6.172030121586626e-06 2.895224404757282e-06 1.447688812437772 8.40599400197199e-06 3.943149741870724e-06 
2.4 1.7439162298182833 0.0005657103564056749 0.00026858608793464564 0.049383986767050136 2.6905214492259525e-06 1.2773968557748024e-06 16.09243054719238 0.0003780448398557342 0.0001794868760152553 1.2040190555762247 0.0001637570941514192 5.217771794493912e-05 0.035303908240950255 1.9057694213172498e-06 9.048148890702168e-07 0.08383023965655544 3.14257596238011e-06 1.4920217991693474e-06 1.331064828604912 7.318392642191654e-06 3.474602201424774e-06 
2.5 1.5473974317191552 0.00047415942386891066 0.00022769924986904393 0.020399716756076502 1.0498529028385295e-06 5.041568434908109e-07 14.655530306528133 0.0003252199763221527 0.00015617604738666003 0.8168457648363104 0.00011077656946471271 3.551566938921693e-05 0.02388127474328586 1.2177526365204492e-06 5.847850910549779e-07 0.06573884323787213 2.32788294895117e-06 1.1178881502219442e-06 1.289450320261023 6.696920101485424e-06 3.2159725332438663e-06 
2.6 1.159702508236988 0.0003351035409221179 0.0001626678365887865 0.012168801516826987 5.905572819814679e-07 2.866716214855095e-07 13.372021157170305 0.00027982250274812757 0.00013583300560072748 0.45338243284527857 6.131250964074519e-05 1.978042214617588e-05 0.017267120478581886 8.302930417719052e-07 4.0304549593269976e-07 0.02961958208394826 9.890720140225413e-07 4.801208734137295e-07 1.1540279949163683 5.651929721937952e-06 2.7435913625072216e-06 
2.7 0.9425662092102453 0.000256541455975688 0.00012581400477751378 0.008141856578391657 3.721782057694996e-07 1.8252500509394429e-07 12.141645230848955 0.00023931856440436708 0.00011736749092190473 0.3622495784723258 4.8854252297949836e-05 1.5860693871736615e-05 0.007954931363611297 3.602974466546165e-07 1.7669839949386518e-07 0.01706299015090272 5.366824522858182e-07 2.632017829597674e-07 1.0878851857281024 5.018532488779058e-06 2.461207168712699e-06 
2.8 0.7866322875957962 0.0002015270057846594 9.980250079153806e-05 0.009658518334295367 4.155791914967668e-07 2.058078639476319e-07 11.086491955940085 0.00020568792239748332 0.00010186311734229759 0.26893968749338315 3.617355492362481e-05 1.181833177208097e-05 0.0072044882055624275 3.071451610288284e-07 1.5210792745787994e-07 0.013157968321259797 3.895532995403092e-07 1.9291902509215697e-07 0.9762234724840234 4.238954141052711e-06 2.0992631849537987e-06 
2.9 0.6934246121948955 0.00016716216567491744 8.355908394484968e-05 0.005203662054564092 2.106830621529415e-07 1.0531380474234406e-07 10.031557968641536 0.00017512989406682082 8.754189957098582e-05 0.2317367454704902 3.10887383116344e-05 1.0221600288081613e-05 0.006368173274625795 2.55465740710848e-07 1.276992505266039e-07 0.0072498191812140405 2.0196795970084325e-07 1.0095740044210885e-07 0.8455736530828694 3.4549213682590326e-06 1.7270060092104274e-06 
3.0 0.5728385902638085 0.00012993780382772972 6.553449467419119e-05 0.0 0.0 0.0 9.257598547692387 0.00015207392664809739 7.669891011253369e-05 0.23787108300949822 3.18310016628971e-05 1.0532153892801528e-05 0.005806038793017271 2.1916048195086323e-07 1.1053420185740388e-07 0.003066569342964304 8.038455485491868e-08 4.054217500098054e-08 0.7538924122832309 2.8984153130737647e-06 1.4618238672869644e-06 
