#z II_integral II_yield II_yield_err IIb_integral IIb_yield IIb_yield_err IIn_integral IIn_yield IIn_yield_err Ia_integral Ia_yield Ia_yield_err Ib_integral Ib_yield Ib_yield_err Ic_integral Ic_yield Ic_yield_err Ic-BL_integral Ic-BL_yield Ic-BL_yield_err 
0.8 1.2635147230136272 0.0003044760900616142 0.0001154655532743055 0.9128553840142397 3.694508496000602e-05 1.401057362110131e-05 2.3363845282955378 4.077278432199531e-05 1.5462140555340264e-05 2.303979559280618 0.000280650723626021 8.429228579272159e-05 1.317363483086418 5.282719685741732e-05 2.0033499221032422e-05 1.4430872265395496 4.018667144725788e-05 1.5239870729985314e-05 1.2800595237063805 5.2281861297253196e-06 1.982669325422642e-06 
0.9 2.165574033805248 0.0005988144240590955 0.00022951119044212377 1.4425286934152615 6.699239113289071e-05 2.5676574948296085e-05 4.569254194607699 9.149928446998243e-05 3.506947872256955e-05 4.336319564692712 0.0005743868956870618 0.00017254015886203575 2.156160654735039 9.921546977635847e-05 3.802690727503144e-05 2.397929579561885 7.662530374314741e-05 2.9368639053262897e-05 2.1806801301958143 1.0220194768231281e-05 3.91715525472319e-06 
1.0 3.369958458511601 0.001048815122573491 0.00040660742827810825 2.087145006256736 0.00010909599751328806 4.229462564905445e-05 7.958761881622438 0.00017937960597482527 6.954236137632861e-05 7.301036251528679 0.0010471192889577412 0.00031459204412272174 3.21172567517464 0.00016633816095851283 6.448641938523512e-05 3.540084603955379 0.00012732233692134808 4.9360661248780404e-05 3.3259918756924147 1.754460382080764e-05 6.801738539231446e-06 
1.1 3.6227635940467446 0.0012445889093682578 0.0004885002601607153 1.7923352537859938 0.00010341582004916278 4.05906356857965e-05 9.734564818703488 0.00024218968049105372 9.505927703322798e-05 8.08662909470603 0.0011541446667564003 0.00034692913861416105 3.159923737206835 0.00018065150826858614 7.090558828169538e-05 3.7474856300160573 0.0001487792875316148 5.8395764351307595e-05 3.546615771237579 2.0651331644997397e-05 8.105632956641974e-06 
1.2 3.1280554340639286 0.0011635036574849924 0.00046280406481085567 1.3924757570356872 8.698868305510702e-05 3.460128023788874e-05 9.913908369425835 0.0002670492568211913 0.00010622354366183821 7.353350403581121 0.0010446183440632067 0.0003144717419299921 2.388140413773834 0.00014781967013210998 5.879787635908034e-05 2.7879946164519587 0.00011984000249649214 4.766847093734645e-05 2.884021360095821 1.8181921272957994e-05 7.232179303488322e-06 
1.3 2.9075328735817156 0.0011489469877689854 0.0004636011160581013 1.066258771264266 7.076520597255588e-05 2.8553822601217072e-05 10.203506552682398 0.000291996715273303 0.00011782093040590422 6.31371932883014 0.0008929500022675476 0.00026943271739299153 1.9397988331074605 0.00012755900107531558 5.1470168677323885e-05 2.2228698802892413 0.00010150933086557979 4.095910392782719e-05 2.3487057651710246 1.573084164817176e-05 6.347408385470292e-06 
1.4 2.8267722216168516 0.0011653753565704864 0.00047742092597454915 0.8731270039739277 6.045527994932884e-05 2.4766797728070402e-05 10.882804763018132 0.00032491444110274134 0.00013310814619443305 5.441981520694209 0.0007663913477222162 0.00023194105992661575 1.5431126398009796 0.00010586482953035856 4.3369790392049185e-05 1.8755852653024307 8.935696180075238e-05 3.6606989503134664e-05 2.0740575232912777 1.4492516410093081e-05 5.93716914056737e-06 
1.5 2.765787613657861 0.0011695443549305763 0.00048677384650623975 0.578176932926403 4.1062031501009355e-05 1.709035055818228e-05 11.836490585478112 0.0003624716025154565 0.00015086362091517517 4.9146183990550805 0.0006893034558728763 0.00020936376645074237 1.3388753027092626 9.421435058824457e-05 3.9212776872108896e-05 1.5527348806326935 7.587727846736866e-05 3.158073872638937e-05 1.9295649262832257 1.3829461016558729e-05 5.755933843601838e-06 
1.6 2.2713992785079813 0.0009700187243358126 0.00041032357934710223 0.3949837110332128 2.833006826907718e-05 1.1983784151460573e-05 10.946097064305155 0.00033853150356632106 0.000143200800953818 3.7227915113563017 0.0005200990191012519 0.00015862169650216628 0.8530081033103145 6.062040724345156e-05 2.5642785914925162e-05 1.0971904804413983 5.414835051413167e-05 2.2905068161352527e-05 1.5277495800441012 1.1058259965609833e-05 4.677708477789092e-06 
1.7 1.899221578516144 0.0008078946080265171 0.00034734770754586263 0.25190654214457797 1.7997008478727588e-05 7.737667234888018e-06 10.733493065929004 0.0003306536451956675 0.00014216184203896608 2.800077666438568 0.00038971610714587753 0.00011939831555890893 0.5646234080613153 3.9968422851692416e-05 1.718409791800883e-05 0.7030808942604014 3.456216479812767e-05 1.4859721294312592e-05 1.2152912615040796 8.762084499956821e-06 3.7671868757951205e-06 
1.8 1.4414794125307044 0.0006034867354631133 0.00026366009738382836 0.11678445749295105 8.211568753593269e-06 3.5875900662256364e-06 9.733716407243742 0.0002951148984190221 0.00012893410622665446 1.8134677615763222 0.00025148303377006085 7.742662661487498e-05 0.30453958259261726 2.121690791910765e-05 9.269552550882149e-06 0.41833463617815 2.0239495132117202e-05 8.842526179864504e-06 0.896585354501852 6.362076890445529e-06 2.779557053911089e-06 
1.9 1.369320722887092 0.0005584917051190997 0.00024783544360957503 0.10650197647395315 7.29543202376064e-06 3.237410001544505e-06 9.540840998793518 0.00028180673349027357 0.0001250541344957546 1.6015059867163022 0.0002213112143620591 6.849358792822865e-05 0.20582075456873647 1.3969464915786722e-05 6.199068853948491e-06 0.3229908904036475 1.522363584257062e-05 6.755617868289599e-06 0.8399191113106289 5.80626693589274e-06 2.576580329811192e-06 
2.0 1.089897247250083 0.0004294064760487534 0.00019342722085355062 0.0608873366881132 4.028949400131122e-06 1.8148503315503394e-06 8.721399290354084 0.0002488412450037686 0.00011209116103165529 1.0492117152132203 0.00014449927237663478 4.496637745697774e-05 0.1022361077483503 6.702956483908039e-06 3.0193635087082737e-06 0.20704989907914798 9.427024243813825e-06 4.2464266426036046e-06 0.6567600246254494 4.385688005485528e-06 1.9755441283458965e-06 
2.1 0.9758301436301966 0.0003688351863671954 0.0001685289881331677 0.03862515091924687 2.451941512419629e-06 1.1203465323354559e-06 8.236372780000089 0.00022544845934202758 0.00010301240807125113 0.7244094174538177 9.94403336307844e-05 3.112090391583457e-05 0.0598736744857569 3.765937313177267e-06 1.7207403963103917e-06 0.09967967897728006 4.353928705012384e-06 1.989406721974701e-06 0.6230831426864203 3.991646802002081e-06 1.823872074549547e-06 
2.2 0.8269233041650854 0.0002982011050757127 0.0001381081233233055 0.02874053022945103 1.7406866336611554e-06 8.061773084572119e-07 7.5814866618273795 0.00019799378299492843 9.16983516616031e-05 0.5710780309584629 7.814390503067975e-05 2.45995426956167e-05 0.03417627456662745 2.050915635456102e-06 9.498560021611947e-07 0.07243038510024423 3.0184318728552176e-06 1.397949082829327e-06 0.5589592317661721 3.4164269489939817e-06 1.5822755394448547e-06 
2.3 0.6966961575189199 0.00023867629326700327 0.00011196015176380818 0.016350079506011195 9.407355132700283e-07 4.4128760922850065e-07 6.984072470997123 0.0001732717523406397 8.127967559282088e-05 0.3914194058622733 5.339561757381283e-05 1.6909866990447334e-05 0.014391616995483697 8.204545361081265e-07 3.848652629912028e-07 0.03574720656268707 1.4152219167837353e-06 6.638634210952859e-07 0.5098162887412532 2.960244376034234e-06 1.3886147009497413e-06 
2.4 0.6053906440115748 0.00019638314681212366 9.323813952018069e-05 0.011515977402743618 6.274095357476512e-07 2.978794197971367e-07 6.322169592039266 0.00014852098220677218 7.05142996507601e-05 0.33093245570152463 4.5009700681306266e-05 1.434138459225328e-05 0.013211334695582604 7.131719668482594e-07 3.385974225705536e-07 0.0184906375685198 6.931655377579364e-07 3.2909883647951447e-07 0.4659238217236907 2.561718554533738e-06 1.2162442443574645e-06 
2.5 0.5619089942658293 0.00017218229753156338 8.26848060274019e-05 0.008305298487161524 4.274246466235727e-07 2.052564317241865e-07 5.990162560148244 0.00013292733085949748 6.38339174550915e-05 0.2640226680147409 3.5805444164180384e-05 1.1479452048514425e-05 0.011972136808999856 6.104825358220024e-07 2.9316387794340734e-07 0.016600627374856635 5.878460207763103e-07 2.822934465313378e-07 0.4573267113408142 2.3751829737066128e-06 1.140602409632254e-06 
2.6 0.4642191686599688 0.00013413913143842926 6.511456803155482e-05 0.0032034160464656843 1.554631876311416e-07 7.54658107508086e-08 5.509564290094638 0.00011529297258696803 5.596616010981247e-05 0.213373883155284 2.8855304749988232e-05 9.30919501510694e-06 0.006280111016624249 3.0198043067609644e-07 1.4658903100533718e-07 0.012151261416617022 4.057610457900744e-07 1.9696679810976727e-07 0.42525043817213315 2.0826926221546272e-06 1.0109923105947073e-06 
2.7 0.3658342044965514 9.957034163773919e-05 4.88316533125796e-05 0.0011924133568739263 5.45072563516699e-08 2.6731649218082183e-08 4.942765969464406 9.742465979763041e-05 4.77793601295704e-05 0.15611163120813984 2.105376367820842e-05 6.835173702207377e-06 0.005741929225751338 2.600654040050137e-07 1.2754223233633498e-07 0.004721117599528409 1.4849337357852213e-07 7.282466664805955e-08 0.4131710394725487 1.9060028688853176e-06 9.34748940048964e-07 
2.8 0.30715058758532593 7.868878409536604e-05 3.896915654745836e-05 0.00010180597032479822 4.380427864064315e-09 2.1693254145684966e-09 4.363150909467812 8.094963215070717e-05 4.008879949036912e-05 0.09582235323647945 1.2888522292925053e-05 4.210833931894537e-06 0.003734288053468522 1.5920194089915644e-07 7.88417997416202e-08 0.004021318591747636 1.1905469656641462e-07 5.89596238084454e-08 0.3549167773614094 1.5411183868556815e-06 7.632102130687543e-07 
2.9 0.25186872684543554 6.071737446987772e-05 3.0350696700746677e-05 0.0 0.0 0.0 4.129664769396483 7.20952573724525e-05 3.6038140798712034e-05 0.09811421102748964 1.3162552296543425e-05 4.32768763394581e-06 0.00011033331966502016 4.4261332124269855e-09 2.21248411777288e-09 0.0022028137168699025 6.13667432078966e-08 3.067529561146433e-08 0.3420249092525796 1.3974763323636637e-06 6.985542553570638e-07 
3.0 0.22045821271445293 5.000685443121119e-05 2.5221096854462067e-05 0.0 0.0 0.0 3.6991976133447495 6.076646158401757e-05 3.064773480646891e-05 0.08891092818648025 1.1897721518510807e-05 3.936685226990973e-06 4.323509033149997e-05 1.6319944754134985e-09 8.231009768265069e-10 0.0016414705933522665 4.302817520066662e-08 2.1701380471742886e-08 0.3269575132419499 1.2570210916898822e-06 6.339821022980568e-07 
