#z II_integral II_yield II_yield_err IIb_integral IIb_yield IIb_yield_err IIn_integral IIn_yield IIn_yield_err Ia_integral Ia_yield Ia_yield_err Ib_integral Ib_yield Ib_yield_err Ic_integral Ic_yield Ic_yield_err Ic-BL_integral Ic-BL_yield Ic-BL_yield_err 
0.6 0.8045011127711941 0.0001390351267516309 5.1726495859862217e-05 0.6276650544232978 1.8218291173176686e-05 6.777915660310168e-06 1.4009028401036172 1.7533114334700703e-05 6.523003123264664e-06 1.3574836413903324 0.00013776399855429419 4.136541696278029e-05 0.8673594212196185 2.494457143267553e-05 9.2803545484105e-06 0.9745443693844802 1.9463281824839385e-05 7.2411007941205516e-06 0.8391225586003462 2.4579399758306273e-06 9.144496427202445e-07 
0.7 4.14066536161611 0.0008530762662501986 0.0003203216602458737 3.1710867883584357 0.00010972552198192926 4.120084307009462e-05 7.510172210227857 0.00011205230194565621 4.2074525823319006e-05 7.2106344443199974 0.0008038674961782908 0.00024140406051311337 4.553904365252452 0.0001561279620118603 5.862449816154657e-05 4.952336319242698 0.00011790831234298082 4.427339953145e-05 4.427641234151116 1.5461019853209032e-05 5.805459305817579e-06 
0.8 9.333873615986077 0.002249234846228263 0.000852970576149473 6.388826311888992 0.0002585685914996792 9.80561904576044e-05 18.836338120038103 0.0003287172733269118 0.00012465846440629297 17.922471887149175 0.0021831594312694165 0.0006557029190377441 9.59160533765107 0.0003846300811098987 0.0001458621105923565 10.756263870963531 0.00029953729354181553 0.00011359262830160122 9.358820857117069 3.822451728970296e-05 1.4495768901281098e-05 
0.9 14.615908053773744 0.0040415226756031165 0.0015490185994333505 9.152334478161563 0.0004250430330702174 0.00016290878874929937 32.53410609962268 0.0006514952555055977 0.0002497024882014682 31.148026355175215 0.004125853249054928 0.0012393656268600332 14.275143123156742 0.0006568689712329409 0.00025176210440997556 16.252645813102834 0.0005193496642575852 0.00019905425606065976 14.161874941077269 6.637246709270782e-05 2.5438972948862593e-05 
1.0 16.951915338955132 0.00527585885196171 0.0020453589518148164 9.024929667183567 0.0004717370865834064 0.00018288428481888697 46.166477936967105 0.0010405292613039493 0.00040339514360622936 41.26370682496053 0.005918067225219783 0.0017779988252252614 15.42735989388634 0.0007989968424232354 0.0003097572148872942 18.18203703542292 0.0006539333672291312 0.00025351862210172267 16.211982682975187 8.551819245300463e-05 3.3153919652671696e-05 
1.1 15.44995586389167 0.005307783193478935 0.0020833011216589118 7.01694790202267 0.00040487036116546265 0.00015891132828837624 54.41378687510773 0.0013537798456352387 0.0005313576248472504 43.89430382787626 0.006264708826214572 0.0018831348437932736 13.410842062196865 0.0007666921885365365 0.0003009261377344219 15.920003388018 0.0006320415861234571 0.0002480758722254885 15.447354472806675 8.994727955671602e-05 3.530424313881084e-05 
1.2 14.887681736047202 0.005537584776385848 0.0022026718414326434 5.880892958160639 0.00036738243451181 0.0001461328315887712 58.06842919714674 0.001564179361360196 0.000622179880461686 40.87977675300663 0.005807388789279292 0.0017482554073536983 11.646905345543304 0.0007209130988732416 0.00028675587772119236 13.878490542728098 0.0005965572284370789 0.00023729114080291538 13.56320852181279 8.550740745696826e-05 3.401207678888059e-05 
1.3 13.587962620487165 0.005369448739368666 0.0021665772700459785 4.598510003256536 0.00030519280714705164 0.00012314556503691926 59.772616513108346 0.0017105303549327466 0.0006902004966634092 32.88059961698581 0.004650306732590538 0.0014031522218389356 9.15009562503607 0.0006017000514447456 0.00024278649785545046 11.174506099563272 0.0005102937634713957 0.00020590398058504213 11.74053785026222 7.863417569181702e-05 3.172895877626431e-05 
1.4 11.960405559756667 0.00493084012476839 0.00202002405913841 3.2380111574520645 0.00022419976717231416 9.184822713402768e-05 60.208933147513825 0.0017975836458533898 0.0007364185658134978 25.228730975478122 0.0035529486934294855 0.0010752661656060491 6.3081802095093655 0.0004327710144430032 0.00017729389701388176 8.531582844426332 0.00040646316455596133 0.00016651632394898286 10.177843606643584 7.111787586998764e-05 2.9134958071458864e-05 
1.5 10.696347985614478 0.004523070876148618 0.0018825387845456305 2.2086206289112367 0.0001568558769356446 6.528468821313356e-05 58.150092323212746 0.0017807437938299406 0.0007411600103154434 20.878303637813538 0.0029283019924955154 0.0008894200794013445 4.568990204905491 0.000321511976603169 0.00013381589239361405 6.207888280867713 0.0003033600092694382 0.00012626089636165913 8.38299406172151 6.0082087935715375e-05 2.500665231489264e-05 
1.6 9.313417221540963 0.003977367245788973 0.0016824495483708513 1.593022241887915 0.00011425896209438408 4.833220753666811e-05 55.4181927448518 0.001713926343301047 0.0007250008420220057 16.013102320110036 0.0022371381217700737 0.0006822905469001772 3.3677678266107924 0.00023933589418232123 0.00010124047949112736 4.367130180591016 0.0002155258361924109 9.116868605685975e-05 6.544135403805077 4.736820189035078e-05 2.0037025739058025e-05 
1.7 8.328064083792315 0.003542608268937124 0.0015231155756246092 1.026414529537803 7.333033447054773e-05 3.15277801322819e-05 52.69356522334496 0.001623266471821831 0.0006979102003176968 12.241148572324049 0.0017037287307348722 0.0005219757071598715 2.163220017210136 0.00015312948619323067 6.583677556262229e-05 3.106816329500299 0.00015272538175092776 6.566303414852137e-05 5.743196773112348 4.140766663919669e-05 1.780288906381237e-05 
1.8 7.032953937428024 0.002944401685841269 0.0012863932040366578 0.7589709171615232 5.336619274551809e-05 2.3315401564691865e-05 49.14143805367046 0.0014899109335650147 0.0006509340450300473 9.411929858057468 0.0013052014072077536 0.00040184556587417403 1.2692269728599839 8.842552282486396e-05 3.863263364244167e-05 2.230795940017265 0.00010792838953334673 4.7153330839997055e-05 4.951044289423317 3.513209790808302e-05 1.5349023949358266e-05 
1.9 6.131930772171575 0.0025009717704423877 0.001109827491619474 0.5177591693379427 3.5466729817052104e-05 1.5738662968531606e-05 45.60590812214257 0.0013470565118299037 0.0005977677826125222 7.044993066024651 0.0009735436417637282 0.0003013019345690397 0.784249899183292 5.322860405796212e-05 2.3620645711488687e-05 1.41847598041261 6.685749480503318e-05 2.9668581881796678e-05 4.384569525199676 3.0310039049551566e-05 1.345033758749778e-05 
2.0 4.8286421142387805 0.001902427223857473 0.0008569530999460458 0.29217866577209783 1.933362705981883e-05 8.708880652221864e-06 41.98464577179988 0.0011979168912094069 0.0005396046589987926 4.907962454455652 0.0006759331727215432 0.00021034200159200336 0.5156574726605182 3.380830585171828e-05 1.5229035907512101e-05 0.765476652782132 3.4852308530187324e-05 1.569930952452435e-05 3.826886145700444 2.5555039951051902e-05 1.1511331645525089e-05 
2.1 4.239228084710448 0.0016023039366877404 0.0007321282543334733 0.20258575064816325 1.2860232258442881e-05 5.876125732524919e-06 38.3623841549484 0.0010500666537849486 0.0004797987751054175 3.32664474661606 0.0004566515226117785 0.00014291392274473622 0.2499686349335855 1.5722539455037355e-05 7.183977459795083e-06 0.5842723674513822 2.5520550008712822e-05 1.166090608635274e-05 3.5803707153087854 2.2936867227905016e-05 1.0480364042641274e-05 
2.2 3.5125697264363 0.001266686001958033 0.0005866498265521449 0.13081837765976645 7.923089783369738e-06 3.669480234237975e-06 34.64940865074956 0.000904884200593652 0.00041908583382737187 2.383355935737912 0.00032612835689726735 0.00010266454481121625 0.19025224014919517 1.1417022450526212e-05 5.287651580573048e-06 0.3802586438100347 1.584673074451233e-05 7.339215739588401e-06 3.2946833905429793 2.013750643009794e-05 9.32643499347762e-06 
2.3 2.9653091303736696 0.0010158646405469352 0.0004765297708050388 0.0894595181234568 5.147237704123611e-06 2.4145067221795417e-06 31.543232111884645 0.0007825736524371241 0.00036709580031562796 1.831310452944809 0.00024981886728113245 7.911517853667393e-05 0.08160155581095078 4.652039214188721e-06 2.1822151220066815e-06 0.2216848838668241 8.776442593292352e-06 4.116922679003273e-06 2.9076731112938696 1.688338165166426e-05 7.919789377204778e-06 
2.4 2.342133545272583 0.0007597665415292925 0.0003607194402972063 0.041422435701518594 2.25676295151769e-06 1.0714584339504598e-06 29.163339953132162 0.0006851078306604036 0.0003252732250114833 1.3817211504384477 0.00018792612913843664 5.987866731198083e-05 0.04485073563529667 2.4211245937407754e-06 1.1494935096589826e-06 0.12124662169116147 4.545218055053514e-06 2.1579635627906206e-06 2.5849095207559536 1.4212217474981154e-05 6.747629505556112e-06 
2.5 1.8985646311290874 0.00058176541670611 0.0002793734392176836 0.02369755351365632 1.2195730776052438e-06 5.856592971733681e-07 26.216349813964946 0.0005817654146539555 0.0002793734382322049 1.049491669646248 0.00014232685269354651 4.563088990656971e-05 0.03292788047833155 1.6790566541592126e-06 8.063109608159517e-07 0.05154289600988606 1.825189231377489e-06 8.764862574335529e-07 2.2993214136375153 1.1941810826529455e-05 5.734656384327261e-06 
2.6 1.6290402693737138 0.0004707217227646946 0.0002285003735465614 0.014949592690614829 7.255102989305365e-07 3.5218127037739285e-07 22.94006205977002 0.0004800430318882765 0.0002330251755977006 0.7371722965752037 9.96904164482299e-05 3.2161764912712454e-05 0.0253247236551838 1.2177445487669632e-06 5.911243752322744e-07 0.043463681972574726 1.4513611753066088e-06 7.045278657647922e-07 2.110342993357826 1.033554674599292e-05 5.0171389550422125e-06 
2.7 1.3913383881311303 0.00037868530863746484 0.00018571624242517517 0.010248587579559272 4.684804872582792e-07 2.2975392432352495e-07 20.524969183330505 0.00040455853107273495 0.00019840508337175982 0.5312219317553013 7.164245819035625e-05 2.3258959949810028e-05 0.017472818486861563 7.913848151441342e-07 3.8811385292376206e-07 0.025853016388118304 8.13155262439551e-07 3.9879059579020066e-07 2.013247520239621 9.287329417501243e-06 4.55472626542893e-06 
2.8 1.1225876352034803 0.0002875952696333843 0.0001424262074131076 0.009994337177889567 4.3002854269949855e-07 2.1296363634266647e-07 18.461607857545683 0.0003425186054729453 0.00016962596779886412 0.4275445976362463 5.7506603540150014e-05 1.8788093156947478e-05 0.017768983365940166 7.575357334940918e-07 3.751554802657498e-07 0.012277468448620762 3.6348532139529736e-07 1.8000934383469155e-07 1.7904147732477653 7.774332753902076e-06 3.8500936775395435e-06 
2.9 0.951665060551074 0.00022941555537713869 0.00011467758611893273 0.00918269082444365 3.717838325032371e-07 1.8584298871725703e-07 16.412349458834267 0.00028652508723951714 0.00014322483631560562 0.3427849167369082 4.598645135873015e-05 1.5119787742570996e-05 0.01724497826576897 6.917998233121286e-07 3.4580886934419583e-07 0.0 0.0 0.0 1.6160196107954217 6.602879198644533e-06 3.300570646531335e-06 
3.0 0.803677488587667 0.00018229932415128437 9.19431738552398e-05 0.002867174753361551 1.092293174578419e-07 5.509011167140294e-08 14.400319413470186 0.00023655304417354654 0.00011930618924503226 0.3271794616633044 4.378190848802993e-05 1.4486436927116042e-05 0.0036536813151195184 1.3791546809495727e-07 6.955805195338184e-08 0.0 0.0 0.0 1.5321217414194634 5.890396354267952e-06 2.970837871166696e-06 
