#z II_integral II_yield II_yield_err IIb_integral IIb_yield IIb_yield_err IIn_integral IIn_yield IIn_yield_err Ia_integral Ia_yield Ia_yield_err Ib_integral Ib_yield Ib_yield_err Ic_integral Ic_yield Ic_yield_err Ic-BL_integral Ic-BL_yield Ic-BL_yield_err 
0.6 1.5476723834311668 0.0002674711353215367 9.950970590732263e-05 1.2631004234317202 3.6662119601648e-05 1.3639739985824652e-05 2.566500104074526 3.212124244207515e-05 1.195035638124551e-05 2.704275215954702 0.0002744429145088115 8.240502388338809e-05 1.7402419602986323 5.004798336976506e-05 1.861980396648388e-05 1.96943432866265 3.933289912544944e-05 1.463337425083531e-05 1.6879174276771376 4.944211878070616e-06 1.8394398683014932e-06 
0.7 4.066498576320152 0.0008377961315968245 0.0003145841215349869 2.934902990744724 0.00010155312172723476 3.813218799042115e-05 8.083869996897539 0.00012061191360541542 4.528857493755125e-05 8.437971395873829 0.0009406954396597217 0.00028249394324267985 4.600592700252573 0.00015772864441725197 5.92255384974537e-05 4.997706266062019 0.00011898850833850942 4.4679002392961545e-05 4.789619550585915 1.6725023335167433e-05 6.280080051835064e-06 
0.8 6.502028711606429 0.0015668296091211665 0.0005941840873847573 4.136976361022419 0.00016743171570440736 6.349462673920784e-05 15.373931725426695 0.0002682940221656069 0.00010174433632299896 15.828972878263093 0.0019281476151326062 0.0005791111732242944 6.947459397327794 0.00027859797994527635 0.00010565187528838655 8.373455901203162 0.00023318155340246985 8.842874023878112e-05 7.505107628227221 3.0653339846556745e-05 1.1624574016211758e-05 
0.9 7.898859596277524 0.002184155787810834 0.0008371344690956346 4.238371843259016 0.00019683398020873985 7.544173837855155e-05 21.447747631035472 0.0004294910018463081 0.00016461358837975928 21.186147728259392 0.002806307386633935 0.0008429870631472876 7.971921876943356 0.00036682701370346595 0.0001405959863670604 9.732182966438613 0.00031098973140966603 0.00011919489678836611 8.680196431956958 4.06814814023826e-05 1.5592235007165623e-05 
1.0 7.077586499341501 0.002202721440996596 0.0008539568900751776 3.5371128486098895 0.00018488646135241107 7.167727367382243e-05 24.16697361579952 0.0005446905271555114 0.00021116706813943816 21.9034877869904 0.003141412227943088 0.0009437924643756734 6.983807320501208 0.00036169766152820734 0.00014022390867832367 8.5157462596484 0.0003062764977978843 0.00011873808494108285 7.858647176700231 4.145435600440558e-05 1.607113467673654e-05 
1.1 6.962442253907716 0.002391924890039808 0.0009388288151004292 3.024291474911468 0.00017449837148770673 6.8490486479294e-05 25.943503657212677 0.0006454576017087599 0.000253341648783844 21.795858995872543 0.0031107614956557227 0.0009350767171631558 6.243430909741701 0.0003569343137415479 0.00014009646382879743 7.293558856305831 0.00028956228184560934 0.00011365298931203716 7.400730109239023 4.309317438344376e-05 1.6914040241728225e-05 
1.2 6.349619751612995 0.0023617886448522828 0.0009394430159544712 2.266556991364095 0.00014159299129762527 5.63211052236115e-05 27.008756526752663 0.0007275302624722082 0.0002893879710467431 19.248356473153184 0.0027344251479069015 0.0008231709162743076 4.928020168363833 0.0003050316101559492 0.00012133169343113515 6.224760170805454 0.0002675669708999398 0.00010642947355171282 6.102584884946518 3.847291822275356e-05 1.5303280590551698e-05 
1.3 5.500880980799317 0.00217374004276669 0.0008771060114824437 1.620919540752226 0.00010757679866986351 4.3407332502040664e-05 26.46747685126824 0.0007574274845847765 0.00030562265354681966 15.300767000962274 0.0021639891190310557 0.0006529474968014039 3.6794745798495936 0.00024195813188306503 9.763031817345804e-05 4.5030898306727165 0.00020563760370881696 8.297495323786822e-05 4.94899973858521 3.314673653847759e-05 1.337473723027143e-05 
1.4 4.79478945135097 0.0019767172691942205 0.0008098044837895168 1.1201914360814813 7.756201166258839e-05 3.177493604925223e-05 26.029895055801855 0.0007771423808648157 0.000318372988578041 12.189846702903276 0.001716689593237265 0.0005195397951762393 2.5229176278348144 0.00017308408842034792 7.090759668050799e-05 3.425005626335512 0.00016317471809018257 6.684801130127474e-05 4.112844684068785 2.8738580490980942e-05 1.1773373816291415e-05 
1.5 4.2760834381978965 0.001808189906434057 0.0007525833049922341 0.7197431800008798 5.111604328496232e-05 2.1274911809118636e-05 24.899916708883755 0.0007625159372021685 0.00031736531770634946 9.35658178841534 0.0013123143321060171 0.0003985923311367769 2.0024772603487295 0.00014091087815998855 5.864825039541258e-05 2.6863533704787708 0.00013127365482413592 5.463715987707892e-05 3.318965555936118 2.3787489161887097e-05 9.90054592563495e-06 
1.6 3.5579320552432114 0.001519442550746759 0.0006427330631804003 0.46894912701432123 3.3635211812374585e-05 1.4227890819737999e-05 23.4239183126277 0.0007244348592200159 0.00030644017170132953 6.5676929531631165 0.0009175508895081435 0.0002798380180996252 1.2439631837838934 8.840426545093096e-05 3.739552002381706e-05 1.7062452641259345 8.420631446583437e-05 3.561976226686452e-05 2.665632451376202 1.9294560447028855e-05 8.161711630850022e-06 
1.7 2.9708704566686053 0.001263754714161932 0.0005433410478338236 0.34825685219181485 2.4880582569681297e-05 1.0697203858180333e-05 21.87946530372839 0.0006740140337514404 0.0002897868449069018 4.802350411760007 0.0006683933556750051 0.00020477737341374473 0.7617840115343135 5.392497912760207e-05 2.3184605632144885e-05 1.219124415893663 5.992991605306243e-05 2.576637936140797e-05 2.3157555260490774 1.6696281988707332e-05 7.178430473107473e-06 
1.8 2.345999628381262 0.0009821712643428599 0.00042910532408887487 0.22427959752580087 1.5769969520323397e-05 6.889814564487001e-06 20.07807316648788 0.000608743698200225 0.00026595683602903883 3.3856844714974144 0.00046951052581174925 0.0001445529570277823 0.45045694259974167 3.1382795600157795e-05 1.3710974008011377e-05 0.694440460158605 3.35978020881347e-05 1.4678698387036274e-05 1.8663887169016957 1.3243701187809257e-05 5.78610156563009e-06 
1.9 2.0008018382912067 0.0008160478488317039 0.0003621281726623234 0.1586462840526138 1.0867339925950816e-05 4.822474508962869e-06 18.984665024707237 0.0005607478877067883 0.00024883664381963855 2.597818398594944 0.0003589910679409728 0.00011110411349167993 0.27298150842202784 1.8527799164619816e-05 8.221868441346759e-06 0.4886809458089765 2.303315970584052e-05 1.0221160495498918e-05 1.7258809869087228 1.1930822354949358e-05 5.294403880779835e-06 
2.0 1.6998689651374352 0.0006697280352858987 0.0003016806681284241 0.11981685729009746 7.928349005923544e-06 3.5713446343056247e-06 17.40093927953996 0.000496488149481332 0.00022364432838687062 1.564324542937622 0.00021544151188729503 6.704272059014555e-05 0.16745730447750592 1.097908605429448e-05 4.945556766016365e-06 0.2930482559416604 1.3342547017196834e-05 6.010183666515543e-06 1.5036225984777165 1.004083584210459e-05 4.522919611870279e-06 
2.1 1.4376719064561592 0.0005433978331310793 0.000248290538311509 0.05736873805787964 3.6417926405861587e-06 1.6640159382672974e-06 16.145107232413576 0.00044192870438040417 0.0002019270398515738 0.9540797480722593 0.0001309673869124273 4.09876286149929e-05 0.09146479039580711 5.752956870476484e-06 2.628653761872728e-06 0.1768976614643423 7.72674846068389e-06 3.530522975490128e-06 1.3703350474555522 8.778753805252864e-06 4.011207581471264e-06 
2.2 1.1819109859985037 0.0004262150556776631 0.00019739618824294702 0.04071451275976378 2.465897726699702e-06 1.1420497829987367e-06 14.615948820382009 0.00038170178595423157 0.00017678042243977752 0.6809726878050263 9.318142558384143e-05 2.9333323644220224e-05 0.039449939205063705 2.367387849009839e-06 1.0964261615399862e-06 0.0924637438675148 3.853293216472029e-06 1.7846047036152274e-06 1.1965700590151023 7.313582035422279e-06 3.3871943211838794e-06 
2.3 0.9664359210463292 0.0003310845636595262 0.00015530774961594983 0.017480547229798783 1.005779303055976e-06 4.717988614188526e-07 13.637227145757466 0.00033833358036094036 0.0001587081753512397 0.46061529091396314 6.283499886295004e-05 1.9899226217368433e-05 0.020896927994924923 1.1913170958858478e-06 5.58832387701734e-07 0.05624055217498201 2.2265477418627933e-06 1.0444465165606207e-06 1.096000021431741 6.363915730482582e-06 2.9852356144975332e-06 
2.4 0.7402211072191077 0.00024012090674077773 0.00011400380820777637 0.011389470528086726 6.20517231540936e-07 2.946071144508127e-07 12.090240923856657 0.0002840250377637372 0.00013484846601207975 0.37197890283487317 5.059237553737832e-05 1.6120185294158057e-05 0.008458213648372704 4.5658981492987923e-07 2.1677819893910272e-07 0.027116661907578103 1.0165325810813129e-06 4.826259694898507e-07 0.9325565253534633 5.127334647349733e-06 2.4343389490219634e-06 
2.5 0.5722392316923921 0.00017534772829046427 8.420489858073137e-05 0.00793880210545551 4.085632430651502e-07 1.9619887170210103e-07 10.580966940658543 0.00023480158997546717 0.00011275563284017691 0.242620135151492 3.29029388559456e-05 1.0548890473753343e-05 0.004413146513133246 2.2503492210900312e-07 1.08065516320361e-07 0.0077163398926916385 2.7324387196031825e-07 1.3121625669487613e-07 0.8044353510145561 4.177934727616591e-06 2.0063138168126607e-06 
2.6 0.4447099620152752 0.00012850181998934324 6.23780727528817e-05 0.002796603429011755 1.3572039263960958e-07 6.588215269499939e-08 9.328645995707728 0.00019521095869419206 9.47603962698422e-05 0.16496350354080228 2.2308597926351857e-05 7.197119919868613e-06 0.0017734501198036299 8.527671398534413e-08 4.13954998423028e-08 0.003470071739190137 1.1587438452561683e-07 5.6248392347546076e-08 0.7462590720725791 3.6548539968638363e-06 1.7741596853370607e-06 
2.7 0.35839405697436827 9.754533134205499e-05 4.783854031239506e-05 0.0022960864711243575 1.0495804426015743e-07 5.147391025658397e-08 8.391851664332178 0.00016540805260062367 8.112002577121999e-05 0.11403696369072716 1.5379426027032746e-05 4.992981299767456e-06 0.0006560584049301037 2.9714419565439125e-08 1.4572654976751584e-08 0.0008492693771606422 2.6712080822581336e-08 1.3100236963448415e-08 0.727401792704187 3.3555834540010605e-06 1.645657584297194e-06 
2.8 0.29260770487801296 7.496304889011572e-05 3.7124055493516316e-05 0.001007733835079521 4.335998524113546e-08 2.1473226104364182e-08 7.26312937265007 0.00013475299460836976 6.673391389258502e-05 0.09578963852454521 1.2884122022217548e-05 4.209396310980085e-06 0.0004947893712811482 2.1094095344644558e-08 1.044645832519446e-08 0.0005759708227206361 1.7052126054084318e-08 8.444748223117322e-09 0.6623779841735469 2.876175361579984e-06 1.4243723449521886e-06 
2.9 0.2103663623268577 5.0712501536977827e-05 2.534957689661879e-05 0.00042488702437456225 1.7202596637837004e-08 8.599034421017297e-09 6.407276612990046 0.00011185756768763603 5.5914063152630925e-05 0.08722880486194871 1.1702216159478584e-05 3.847546814794851e-06 0.0004924905159840017 1.9756757398582843e-08 9.875778668461723e-09 0.0 0.0 0.0 0.5852089718480298 2.3910997869472494e-06 1.1952352197122615e-06 
3.0 0.1756845548104588 3.985078101670919e-05 2.0098852830884552e-05 0.0 0.0 0.0 5.827966065917516 9.573559270798816e-05 4.8284513864573025e-05 0.07453294155069376 9.973714149802785e-06 3.3000749841616654e-06 0.00040245329241113994 1.5191399966809482e-08 7.661825049300424e-09 0.0 0.0 0.0 0.5151229352861199 1.9804420092609628e-06 9.988414648020965e-07 
