#z II_integral II_yield II_yield_err IIb_integral IIb_yield IIb_yield_err IIn_integral IIn_yield IIn_yield_err Ia_integral Ia_yield Ia_yield_err Ib_integral Ib_yield Ib_yield_err Ic_integral Ic_yield Ic_yield_err Ic-BL_integral Ic-BL_yield Ic-BL_yield_err 
0.7 3.7835300736969955 0.0007794978407178062 0.0002926936926687042 2.951014392465121 0.00010211060630006987 3.834151790733111e-05 6.4333352768060115 9.598581853723407e-05 3.604172096951573e-05 6.6451063105232135 0.0007408203831337916 0.00022247080451641145 4.123547793388168 0.00014137343729758107 5.3084320759365116e-05 4.3029754388038866 0.0001024479234318738 3.846817713812153e-05 3.9416657789106164 1.3764026857549974e-05 5.168255300383791e-06 
0.8 9.504196173646644 0.002290278409442226 0.0008685354033708491 7.2074221681439425 0.0002916988046603393 0.00011062006170252609 19.6263930680779 0.00034250470412386716 0.0001298870303829498 19.55029413327835 0.002381446559933583 0.000715257639233835 9.99055334927043 0.00040062817534605776 0.00015192901982630908 11.284257574292216 0.0003142407079243067 0.0001191685599826477 10.28358142850163 4.200154507871587e-05 1.5928119807069956e-05 
0.9 17.291281133072452 0.004781304352246337 0.00183255915298705 12.168199595648256 0.0005651026495457617 0.00021659027673395952 38.55158513652605 0.0007719952326877707 0.00029588723609691973 37.84182373924381 0.005012510572721477 0.0015057087426768028 17.315864228414522 0.0007967873823469361 0.00030538947177007514 18.949774061238358 0.0006055357945797972 0.00023208733037401126 18.114953550461557 8.489936279033979e-05 3.2539887215318094e-05 
1.0 25.879875293567242 0.008054462662485651 0.0031225754462039174 16.000683723519884 0.0008363628528344378 0.00032424336890177105 60.13153449920608 0.0013552825333342346 0.0005254195268629521 56.598475278567776 0.00811738952499754 0.0024387538177729085 24.504391187627963 0.001269104455920379 0.0004920097812585791 27.507638852283314 0.0009893370508569142 0.0003835488116934456 25.67590606854522 0.00013544037885513947 5.2507885275502485e-05 
1.1 31.857208101389432 0.010944442511120782 0.004295685887728391 18.20923764259852 0.001050653464133812 0.0004123807360846903 80.82496519619772 0.002010872890687145 0.0007892661768530566 68.63001465307099 0.009795053595707787 0.002944335839794408 28.342526560315367 0.0016203302981575383 0.0006359784875457564 32.46894161305732 0.0012890525747194308 0.0005059522171308061 30.633900537471316 0.00017837591675695668 7.001242023473379e-05 
1.2 31.198022900811278 0.01160433838739081 0.0046158299035638315 14.965442072030944 0.0009348989313500126 0.0003718725100971089 94.46641920857144 0.0025446258028778966 0.0010121697146531473 68.75739433514512 0.009767688396503035 0.0029404633779739793 24.901648687712022 0.0015413471810673365 0.0006130979787589698 28.33229577285044 0.0012178439571274033 0.0004844188757276593 28.987689377040045 0.00018274895374588757 7.269161389346018e-05 
1.3 29.222333734187718 0.011547560691245051 0.004659450854738885 12.058636919253487 0.0008003047180821235 0.00032292365482404376 100.55954008384039 0.002877741611892844 0.0011611712613398743 61.804296693485604 0.008740988314223638 0.0026374469211278596 20.52804638008519 0.001349901363780413 0.0005446863828175012 23.616445526949843 0.0010784659975473492 0.0004351619747613573 24.439187106751266 0.00016368545949319922 6.604722629621286e-05 
1.4 27.635186782019154 0.011392982216149983 0.004667378702131417 9.247904857644524 0.0006403245742819248 0.00026232264948314554 102.43887863751135 0.0030583908950387088 0.0012529352065573692 52.71619253167157 0.007423993206793874 0.0022468010088964245 15.790390913152104 0.0010832955411823784 0.0004437951750562093 19.126929410523843 0.0009112485218987242 0.0003733124359160195 22.578011674076205 0.0001577642861971237 6.46315122224647e-05 
1.5 25.134425781793873 0.010628374225973717 0.004423615557865789 7.1118893671007815 0.0005050852232127332 0.00021022056656527503 103.8151912381043 0.003179156732460177 0.0013231908176733578 46.84170152940882 0.0065698176585582396 0.0019954662321379994 12.64252457118835 0.0008896326938439951 0.0003702723428440259 13.686697163148077 0.0006688259179980355 0.0002783707718090744 20.197014582759103 0.0001447548211612429 6.024813065013143e-05 
1.6 22.2560110137043 0.009504602566616241 0.0040205023341956594 5.012326650798873 0.00035950737267772246 0.00015207371595821634 100.26187117665336 0.003100813175728935 0.0013116620630420728 38.13475006267965 0.005327681134108193 0.0016248556310972523 8.148758758153699 0.0005791047852076678 0.0002449647025588579 10.999589531304066 0.0005428497968857813 0.000229628630992188 16.996233205525666 0.00012302328056762254 5.20395653806515e-05 
1.7 18.97284177116677 0.008070704724112114 0.003469933771494975 3.134078800079184 0.00022390860617527435 9.626768180165672e-05 96.00997330030458 0.002957662286814618 0.0012716228141804746 28.522313502411336 0.003969748810250693 0.0012162220458557958 5.127716676902259 0.00036297954615414804 0.00015606009990667334 7.846494026102084 0.00038571922780371087 0.0001658368408489017 14.74748867419727 0.00010632738506285958 4.5714593319476953e-05 
1.8 16.8871422796133 0.00706993542678007 0.0030888166277453295 2.4217662165700435 0.00017028378792353156 7.439606783130322e-05 91.15233339250496 0.002763632150795651 0.0012074159698848889 23.55396714355379 0.003266351484204175 0.0010056446869161615 4.049202750723012 0.0002821031052072186 0.0001232493240040102 5.659198126469756 0.00027379830171077264 0.00011962100018186989 12.669933939504476 8.990454005885324e-05 3.92788082889262e-05 
1.9 14.967655167711031 0.006104713904150056 0.0027090187099948542 1.5366165409389025 0.0001052589059109869 4.670953462906823e-05 86.01371097688384 0.002540577180652867 0.0011274027292082936 17.768920889638103 0.0024554772149507935 0.0007599454235195195 2.259893526897346 0.00015338347876313395 6.806522308784261e-05 3.5691564317651983 0.00016822622370079243 7.46518173779474e-05 10.038035888423659 6.939182011147726e-05 3.079321028865833e-05 
2.0 12.840211784258978 0.005058889824623241 0.0022787895710964564 1.0063653678784743 6.659176383417469e-05 2.999642652971533e-05 80.05822003124462 0.002284242067370331 0.001028942550922422 12.91469331003419 0.0017786341490555054 0.0005534888390014666 1.3922148122584403 9.127846812977978e-05 4.11166142079984e-05 2.528998988752757 0.00011514584110200086 5.1867732042950946e-05 9.54159578501566 6.37165183910204e-05 2.870126503038567e-05 
2.1 11.736821110611324 0.004436174297287617 0.0020269865596823726 0.6645397810169993 4.2185276612547704e-05 1.927538977952232e-05 73.9318573885562 0.002023684914434423 0.0009246665815404501 8.667709140773741 0.001189824245801014 0.00037236807921208105 0.7912622423879178 4.976885131420885e-05 2.274049348476065e-05 1.6788390315290906 7.333034702224269e-05 3.350626415238285e-05 8.53751319800546 5.46937237090683e-05 2.4990777058747927e-05 
2.2 10.087662959477758 0.0036377645024586944 0.001684785267308613 0.42640530798083043 2.582548109581545e-05 1.1960749532296312e-05 69.22512962101275 0.001807844015737538 0.0008372804125302855 7.130787291608167 0.0009757468063938472 0.00030716311418751594 0.47759514330746694 2.866044819828473e-05 1.327372919448077e-05 0.9422374175165941 3.926638590824345e-05 1.8185736991481975e-05 7.5801810963088645 4.6330990712606786e-05 2.145762061278413e-05 
2.3 8.606819149005286 0.002948550338815754 0.0013831291700501644 0.2769623243126399 1.5935598002622517e-05 7.47519557304652e-06 62.99203196627356 0.0015628044822873241 0.0007330926109963941 5.31409317441528 0.0007249239119036645 0.00022957627396181073 0.2495571643053237 1.4227053675541638e-05 6.6737381700644096e-06 0.6099644176746183 2.4148320815993298e-05 1.1327684146557484e-05 7.275289368670131 4.2243911999755435e-05 1.9816106299667607e-05 
2.4 7.33253384716877 0.002378606417620617 0.0011293068709296037 0.19993510416852334 1.0892795852147628e-05 5.171645509881845e-06 57.29100613678307 0.001345885519072989 0.0006389950657302087 4.064060880385937 0.0005527477303155742 0.00017612131747063832 0.1643329868001072 8.870994650787872e-06 4.2117414368770795e-06 0.4370207664736183 1.638276308653649e-05 7.778153956611598e-06 6.36086563936352 3.497298650876238e-05 1.6604358614647064e-05 
2.5 6.021592273229055 0.001845159274870747 0.0008860762048106698 0.18147421369532088 9.339405655307512e-06 4.4849380923074405e-06 53.058206839468305 0.0011774114215670152 0.0005654125679724412 3.337291894628909 0.00045258696721463184 0.0001451022465773639 0.09213994330232642 4.698394875960227e-06 2.256247445459343e-06 0.24121947050849948 8.54184017689359e-06 4.101933870490048e-06 6.284762977417648 3.264069569428597e-05 1.5674605524338203e-05 
2.6 5.095812557995467 0.001472467999276517 0.0007147736584024874 0.06967336430505605 3.381278969305383e-06 1.6413593641133767e-06 47.720035465059006 0.0009985879919059235 0.0004847401726639163 2.1945554064116126 0.0002967774879770856 9.574528966544259e-05 0.05187522387785252 2.494430816045255e-06 1.2108605693927515e-06 0.11260654996614339 3.760214673234751e-06 1.825304454621284e-06 5.847620219841454 2.8639113321962696e-05 1.3902158697235296e-05 
2.7 4.015971200684287 0.0010930405619391053 0.0005360529742017814 0.04025654385568423 1.840195552259335e-06 9.024754736928623e-07 43.31003955935743 0.0008536649106916002 0.00041865748654021536 1.4947045667828303 0.0002015811152202204 6.544397280572756e-05 0.02971442697182684 1.3458358944148156e-06 6.600297913086678e-07 0.05685497020136399 1.7882601210252028e-06 8.770051084118897e-07 5.5101043180058245 2.541870952858557e-05 1.2465937054519457e-05 
2.8 3.2682972842996034 0.000837303751835666 0.00041465910749763124 0.021658852250370005 9.319201968066002e-07 4.615161418059481e-07 39.606919924112816 0.0007348280325400237 0.0003639099137789236 1.1392987455867396 0.0001532406248107682 5.00655395577904e-05 0.027412394458586713 1.1686582127607346e-06 5.787562403855708e-07 0.04418426315527131 1.3081142224733137e-06 6.478192350226096e-07 5.151269406688128 2.236782396513842e-05 1.107724873048078e-05 
2.9 2.8028704495094496 0.0006756810851624943 0.0003377516215292232 0.0 0.0 0.0 36.14945786829443 0.0006310934699114063 0.00031546368172763104 0.9660445400354124 0.0001296001022262075 4.2610942553273583e-05 0.014550031153722982 5.83689281958204e-07 2.9176782624187367e-07 0.033789906798844374 9.413308613721089e-07 4.7054154956471764e-07 4.491064327766774 1.8349997135857617e-05 9.172583669708642e-06 
3.0 2.530496797024236 0.0005739962390575126 0.00028949660809560857 0.0 0.0 0.0 33.681181793528346 0.0005532784277804977 0.0002790475220498377 0.9634852456381021 0.00012892992316707383 4.265997679128984e-05 0.022154962005730496 8.362831052073745e-07 4.217817224076621e-07 0.0076354923803636406 2.001505876597421e-07 1.0094650851890406e-07 4.046452536083137 1.5556994344444092e-05 7.846213595883636e-06 
