#z II_integral II_yield II_yield_err IIb_integral IIb_yield IIb_yield_err IIn_integral IIn_yield IIn_yield_err Ia_integral Ia_yield Ia_yield_err Ib_integral Ib_yield Ib_yield_err Ic_integral Ic_yield Ic_yield_err Ic-BL_integral Ic-BL_yield Ic-BL_yield_err 
0.9 1.65849293359614 0.00045859872501905223 0.00017576987975823313 1.071790050708806 4.977493939439822e-05 1.9077539109955547e-05 4.3588913996092415 8.72867709170749e-05 3.3454923425574953e-05 4.108302501308969 0.0005441838603141488 0.00016346746489828405 1.7329718347483243 7.974248779476106e-05 3.056338085267294e-05 2.0281544278513275 6.480922142030173e-05 2.483981841815607e-05 1.8562355501831456 8.699620176244363e-06 3.3343555245541597e-06 
1.0 3.176312077307384 0.0009885475389996815 0.000383242731642772 1.9180788005983698 0.00010025883176927204 3.88686097963988e-05 8.301294080682373 0.00018709981318983695 7.253535178417812e-05 7.582887328842341 0.0010875425507388154 0.00032673663613618165 3.102068794662433 0.0001606589325045272 6.228468103633262e-05 3.528132442632217 0.0001268924666551896 4.919400800393869e-05 3.283711928461242 1.7321577141411098e-05 6.715274964674739e-06 
1.1 4.519413648706962 0.0015526301835624662 0.0006094062408033443 2.389337992342349 0.00013786223717396546 5.4110829864299913e-05 12.491026030923772 0.0003107686537381112 0.00012197647517035989 10.374415465071424 0.0014806634679913652 0.00044507878113006244 4.031978729663157 0.00023050652464934174 9.047364668957383e-05 4.5629777100688695 0.00018115521705783745 7.110329362258533e-05 4.548948655184963 2.648774306936241e-05 1.0396420282277449e-05 
1.2 5.453421447386631 0.002028440970305314 0.0008068481093694235 2.803183643619731 0.00017511633670319436 6.965560608224401e-05 16.4917876180903 0.00044423646688586496 0.00017670287608412033 12.172505539207407 0.0017292284307945502 0.0005205666547187551 4.905647218801061 0.0003036467828630576 0.00012078085399364115 5.525178753678171 0.00023749595201048225 9.446819634771354e-05 5.257004968970193 3.3142074396491065e-05 1.3182843601983002e-05 
1.3 6.658925294072189 0.002631355341815338 0.0010617541855258497 3.0483731434249015 0.00020231369643964803 8.16337537429702e-05 20.585570070246273 0.0005891032471538051 0.0002377036762890827 13.665119965915263 0.0019326593833260063 0.0005831476209443688 4.499551496635212 0.00029588547245297417 0.00011939004733450614 6.074065072372774 0.0002773775858847485 0.0001119220988910647 5.697349147612355 3.815892930671551e-05 1.5397161403005024e-05 
1.4 7.368407260690614 0.00303772627066228 0.0012444695014529263 2.462916373825419 0.00017053223436420907 6.986217511777731e-05 24.072506508862123 0.000718703052070549 0.0002944320683337726 14.47434833727661 0.002038414736878995 0.0006169068531983407 4.368786176156391 0.0002997194060007399 0.00012278646149384257 5.720095201347129 0.00027251777770872214 0.0001116427329998677 5.917877466345191 4.1351281404109376e-05 1.6940436355443027e-05 
1.5 7.257980740770492 0.003069118670445039 0.0012773920837618248 1.8703582713311189 0.000132832539456132 5.528598030477551e-05 26.01653792891856 0.0007967104883747388 0.00033159736725081894 14.008059378858098 0.001964710778313091 0.0005967462443853739 4.0161407918509395 0.0002826089149673108 0.00011762412260436129 4.5576937778758 0.0002227201850530736 9.269794746630333e-05 5.512539860972216 3.950914222740765e-05 1.64440254472768e-05 
1.6 6.735070267178668 0.002876264129647937 0.001216676506562201 1.3693854365909046 9.821869059820109e-05 4.1547079117090755e-05 26.729103984568678 0.0008266548074366971 0.0003496798061338126 12.488973018412533 0.0017447935498520284 0.0005321335029660692 2.826172672838467 0.0002008465543327391 8.49592641933491e-05 3.29686218612087 0.00016270615944374676 6.88256546495962e-05 4.77646722667781 3.4573346967173724e-05 1.462472746316682e-05 
1.7 6.36115233531306 0.0027059194833653397 0.0011633880459315875 0.9825802801778392 7.019867559946863e-05 3.018134890365649e-05 27.109593060796694 0.0008351322081510803 0.00035905829190714287 10.357781189199624 0.001441600785616007 0.0004416669015081837 1.9403222717541633 0.0001373510554447383 5.9052967755626635e-05 2.391343432365982 0.00011755404886275021 5.054140599471658e-05 4.0983434638683685 2.954849827177814e-05 1.2704136200631935e-05 
1.8 5.684072477652909 0.002379681814291203 0.0010396701402509848 0.7637055145406583 5.369910067465496e-05 2.3460847242049984e-05 26.935935505586194 0.000816666064427014 0.00035679699556553956 8.2068020619871 0.0011380800496309492 0.0003503922222490077 1.3505711780504945 9.409267616035915e-05 4.1108582346068286e-05 1.895245114677025 9.169406727378715e-05 4.0060643070097335e-05 3.4440497474826994 2.443862059310403e-05 1.0677101428848362e-05 
1.9 5.283170827834347 0.002154796195482673 0.0009562091363233203 0.597087192105045 4.0900734112909186e-05 1.815004858607248e-05 26.043324547559383 0.0007692387097639335 0.0003413562191319317 6.579078485398601 0.0009091591670988786 0.0002813755892666494 0.8596295708612817 5.834477264395151e-05 2.5890989029872707e-05 1.3111768087680107 6.180012766602358e-05 2.742433220556265e-05 2.9912568302259417 2.0678224124466854e-05 9.17613780468339e-06 
2.0 4.903001706618881 0.001931724013628183 0.0008701499121539634 0.37840607290906775 2.5039343209613563e-05 1.1279034758860708e-05 25.263715721671378 0.0007208309428688881 0.0003247001006303952 4.775771565844012 0.0006577276123544241 0.00020467665749843655 0.5389697106813811 3.5336737640034986e-05 1.5917521828354985e-05 0.919520815366464 4.18659707524779e-05 1.8858631209996968e-05 2.7714621985418777 1.850716862484671e-05 8.336600383655346e-06 
2.1 4.262293285920593 0.0016110219065541892 0.0007361116883833509 0.2630635778495809 1.6699391240788892e-05 7.630322735662796e-06 24.322567934705845 0.000665764604710033 0.0003042026338966435 3.4646884530620548 0.0004756009066118766 0.0001488443328429254 0.33716281870284015 2.1206883500545794e-05 9.68989605630214e-06 0.5318505016468384 2.3230804810509153e-05 1.0614670652209884e-05 2.4733497175522126 1.584497768264725e-05 7.239922205227728e-06 
2.2 3.8708012956079494 0.001395869747611265 0.0006464796674627386 0.21551465895827282 1.3052768449702796e-05 6.045226942751954e-06 23.051842318172636 0.00060200877072802 0.00027881285526526554 2.717917156607788 0.00037190830088622723 0.00011707597825976505 0.22202586064647875 1.3323754998156199e-05 6.1707309835342875e-06 0.43138280078793567 1.7977256278532024e-05 8.325942073553984e-06 2.396097107576343 1.4645237551340443e-05 6.78275914948769e-06 
2.3 3.1096167860712347 0.0010653019971050709 0.0004997202346223163 0.11515720553913668 6.625807098966883e-06 3.1080856762266737e-06 21.890736177769615 0.0005430994929248265 0.0002547613791818391 2.1229597310160333 0.0002896043073598219 9.171483615758325e-05 0.12814747391113612 7.305584653495412e-06 3.426961074905266e-06 0.18910115321934523 7.48646180382773e-06 3.511808350370354e-06 2.215363994853838 1.2863494069259124e-05 6.034108911671304e-06 
2.4 2.827627346547207 0.0009172562572941558 0.00043549188553929167 0.07298863795728733 3.97654196896261e-06 1.8879694155461045e-06 20.498540617411386 0.0004815535777681247 0.0002286304115156116 1.7738256523805562 0.00024125576170891066 7.68710213885405e-05 0.0874386107435278 4.720095844918045e-06 2.2409914602199704e-06 0.14281039078904675 5.353587239049162e-06 2.5417584045817387e-06 1.8441646259895013 1.013949173608409e-05 4.8139942785271855e-06 
2.5 2.3751244625082846 0.0007277946981653524 0.00034949913149197174 0.04948654377405255 2.5467800486572696e-06 1.2230061820326291e-06 19.066994652301183 0.0004231145117003275 0.0002031866331723631 1.3056684940373948 0.00017706828247631857 5.676921220916337e-05 0.03987456893597482 2.033281806514599e-06 9.764157766560526e-07 0.09339119778092676 3.307082482569446e-06 1.588116069468448e-06 1.799835052150224 9.347666482926576e-06 4.488905079268936e-06 
2.6 1.9440721538262118 0.0005617522234608492 0.00027268890874105825 0.03105524840396512 1.5071248440813658e-06 7.315969780006182e-07 18.141814339014395 0.00037963504791590726 0.00018428456998045685 0.9107883007564717 0.00012316912263309065 3.9736380965844083e-05 0.02007738393822381 9.654251385787126e-07 4.6864207477153277e-07 0.02677462366943459 8.940717287086466e-07 4.340053031490742e-07 1.7384432062591284 8.514142525692483e-06 4.132982723046987e-06 
2.7 1.6502815138913212 0.0004491627412552487 0.00022028004424955202 0.02813622829933803 1.2861551741601948e-06 6.307609528876685e-07 16.435118164977194 0.00032394529820926616 0.00015887044509646888 0.7373889621121673 9.944686905827083e-05 3.228575349012353e-05 0.02138430513311822 9.685451936379751e-07 4.74997497601925e-07 0.023579257171414885 7.416386840710572e-07 3.6371717228324977e-07 1.6975279248467758 7.830880641831293e-06 3.8404492978977695e-06 
2.8 1.4452488619741584 0.0003702577180724601 0.0001833632473083301 0.027078039120697537 1.165092741517094e-06 5.769905070773713e-07 15.30519083276899 0.00028395753289682665 0.00014062468596383028 0.489454354971542 6.583373453427559e-05 2.1508666155811948e-05 0.015068327601130775 6.424000949729013e-07 3.1813669705153486e-07 0.013716422520357006 4.0608683044636555e-07 2.0110694871516654e-07 1.5983938997700946 6.940540390022963e-06 3.4371735196082434e-06 
2.9 1.2252872555703214 0.0002953769849136005 0.00014764962022429442 0.013953432304943225 5.64939039992188e-07 2.823951728301474e-07 14.274608900375048 0.0002492046352503424 0.00012456952177099926 0.43215877801950836 5.797643844374723e-05 1.9061950149221016e-05 0.010592931125795367 4.2494619408881057e-07 2.1241717323143826e-07 0.020685474043506794 5.762630603032797e-07 2.8805569272080147e-07 1.5381320914655747 6.2846393222336685e-06 3.141492589363019e-06 
3.0 0.9219706040005424 0.00020913192217442123 0.00010547626969371748 0.0 0.0 0.0 13.406140685667463 0.00022022173944607421 0.00011106945004245133 0.41075679789892533 5.4965909061106434e-05 1.81869681394317e-05 0.0 0.0 0.0 0.011557410486062838 3.0295655936469874e-07 1.527969877997901e-07 1.508575164070335 5.799869165975269e-06 2.9251802306319836e-06 
