#z II_integral II_yield II_yield_err IIb_integral IIb_yield IIb_yield_err IIn_integral IIn_yield IIn_yield_err Ia_integral Ia_yield Ia_yield_err Ib_integral Ib_yield Ib_yield_err Ic_integral Ic_yield Ic_yield_err Ic-BL_integral Ic-BL_yield Ic-BL_yield_err 
0.7 3.8892520911807384 0.0008012791091998042 0.0003008723425250447 2.9430217552115647 0.00010183404613215575 3.8237672312688635e-05 7.7860244941295225 0.00011616803758298996 4.361994365363664e-05 7.673407783011502 0.0008554591346040952 0.00025689719969802105 4.429214033619217 0.00015185302652814144 5.7019302371013106e-05 4.944318331258793 0.00011771741508346007 4.4201719507605404e-05 4.3211659800496625 1.508921556047625e-05 5.665850488826089e-06 
0.8 6.6095002340649325 0.0015927276128049597 0.0006040053095485206 4.47952864918073 0.00018129549260803996 6.875214522062797e-05 15.583517850973912 0.00027195155789670224 0.00010313137261450548 14.997437933431756 0.0018268572703258566 0.0005486890364765869 7.088809106065921 0.0002842662021065231 0.00010780141815658873 8.115580293000354 0.0002260003088106524 8.570541841792968e-05 7.234833610776491 2.954945143895394e-05 1.1205949730438914e-05 
0.9 9.217371401130462 0.0025487445179641875 0.0009768725751219858 5.503656771868608 0.00025559500397131135 9.796342785945621e-05 25.033590946346212 0.0005012974900823105 0.00019213529115505324 22.895520064890718 0.003032730060369832 0.0009110022013576188 9.208260122906752 0.0004237169674304118 0.0001624005396300929 10.713747517302327 0.00034235540723872015 0.00013121660720367422 10.320027758985109 4.8366879786679324e-05 1.853786367162786e-05 
1.0 10.855183643820029 0.0033784038895776987 0.0013097485797642962 5.804775406661958 0.00030341819156406535 0.00011762996919985226 32.69369528673854 0.0007368711698660137 0.00028567216938703754 29.28149355672864 0.004199570534432367 0.001261701023748353 10.41833050112011 0.0005395747056510575 0.00020918375289093966 11.764812372925482 0.0004231320921224355 0.00016404097166112665 11.65505090569341 6.148038188131962e-05 2.3834877499649826e-05 
1.1 12.08970978260361 0.004153381340597416 0.0016301992169112003 5.829626008356396 0.00033636316250580645 0.00013202230162566008 39.50333074374653 0.0009828173348620864 0.0003857551036786018 33.64287788708763 0.004801598741945336 0.001443332507176529 10.915159650592432 0.0006240150769002145 0.00024492547307423257 12.601731731040715 0.000500302563828843 0.00019636839983855947 12.200333480188853 7.104043661065294e-05 2.7883320753556972e-05 
1.2 11.997717834323284 0.004462641048394786 0.0017750940477946253 5.139367840600963 0.00032105897566314987 0.0001277068602449425 44.03140488521342 0.0011860664344702043 0.00047177880660474785 33.67592736115381 0.004784008587115502 0.001440177192319364 9.949040873662444 0.00061581971126717 0.00024495313249049233 11.731092697311011 0.0005042528309905569 0.00020057544157554255 11.741563177916666 7.402309160263999e-05 2.944398796100045e-05 
1.3 11.4583467830409 0.004527905132494552 0.0018270136874685352 4.1117558535407905 0.0002728880246768553 0.0001101105570107626 47.97558088368306 0.0013729311545040734 0.0005539789235489107 29.165282480232822 0.004124849031210113 0.0012446041553195479 7.772833215997795 0.0005111328162670282 0.00020624253912310167 9.586179761134604 0.00043776142802534097 0.0001766371196932387 10.558409875324186 7.071667991291512e-05 2.8534242293642525e-05 
1.4 10.778024043363185 0.004443387237432011 0.001820328564009733 2.9886697973891545 0.00020693538105558414 8.477550231643121e-05 50.31736615780954 0.001502263364907839 0.0006154342999345572 24.702496957172492 0.0034788394380097657 0.0010528377035631128 5.930027820932093 0.0004068279710638795 0.00016666577473308425 7.3352953454137415 0.00034946942594565655 0.00014316762062462413 9.09396206082955 6.354423294402869e-05 2.6032253352051816e-05 
1.5 10.084095387011022 0.004264172988634674 0.00177478338388365 2.481921914798218 0.0001762656896958262 7.336320971375706e-05 51.876566825836925 0.0015886281642830142 0.000661199927079373 20.67992113841031 0.002900477707613167 0.0008809689436466424 4.773360686448285 0.00033589317562820054 0.00013980146407139953 6.032857169045024 0.00029480678838293906 0.00012270097645491408 7.8743049816055635 5.6436242332290465e-05 2.34892218038862e-05 
1.6 9.320059611101158 0.003980203929902017 0.001683649482299486 2.015368318757921 0.00014455158646515992 6.114616436842398e-05 51.370303464464904 0.0015887366947615696 0.0006720448903509729 16.66240329968094 0.0023278498367683914 0.0007099561367152063 3.622465218045504 0.0002574363782606069 0.0001088970898519251 5.113816126522654 0.0002523761489184352 0.00010675658331951893 7.184197342105609 5.20011413460534e-05 2.1996786156738582e-05 
1.7 8.376453656316915 0.003563192320408293 0.0015319655209262402 1.533201721273018 0.00010953683116936924 4.709446853650717e-05 49.90667231968898 0.0015374140571695254 0.0006609986537861516 13.654191716199735 0.0019003967302910504 0.0005822293826964546 2.635996450957075 0.00018659626803140198 8.022554587366856e-05 3.6725926420652475 0.00018053790562034232 7.762080229194813e-05 6.753083732801838 4.8688814094541974e-05 2.093335911744413e-05 
1.8 7.7273653204129005 0.0032351224931889363 0.0014134075555914925 0.9613479324906703 6.759610665013677e-05 2.953237414317959e-05 48.69006208115334 0.0014762257419377919 0.0006449550586743969 10.738441271472343 0.0014891556641536906 0.0004584814245770424 1.567625156240902 0.00010921456681751643 4.771525475326553e-05 2.7190764538390244 0.00013155194404675943 5.747433429797493e-05 6.012570990204949 4.2664581522413316e-05 1.8639925383624846e-05 
1.9 6.56927184299869 0.002679345876875149 0.001188982518258227 0.7456786244127227 5.107931229149363e-05 2.266687921235056e-05 46.205642316185425 0.0013647707923851518 0.0006056286452527258 8.065312505896896 0.0011145410130806689 0.00034493919840035517 1.154065473241191 7.832872429577833e-05 3.475903752066743e-05 1.7293608483268283 8.151053350893306e-05 3.617099241739248e-05 5.119965730527103 3.539375081926088e-05 1.5706277917641888e-05 
2.0 5.829676489405185 0.0022968227914473777 0.0010346095695406325 0.4683685438155431 3.099221063506162e-05 1.3960518775611582e-05 44.517405948001816 0.0012701822668170935 0.0005721567781385742 5.6044030555511375 0.0007718481903034739 0.0002401895628526589 0.6332878354870535 4.152056349315126e-05 1.870304164635329e-05 1.1412522882025424 5.196145005161642e-05 2.3406165103722427e-05 4.9478984915553035 3.304089508058826e-05 1.4883353806770087e-05 
2.1 4.675773984537023 0.0017673054888240392 0.0008075211280335673 0.2802442966119986 1.7790030799320363e-05 8.12866017203289e-06 41.18778724401279 0.0011274044322541945 0.000515136123687213 3.573203779932755 0.0004904969033342881 0.0001535061925310675 0.30097598652180213 1.8930802355923994e-05 8.649904031706596e-06 0.7346140030184525 3.208735248410176e-05 1.4661423979854101e-05 4.600974741223195 2.9475145215313144e-05 1.3467848464082196e-05 
2.2 3.982760848423595 0.0014362440631073277 0.0006651785282272167 0.21803480434890252 1.3205402495119837e-05 6.1159174975788365e-06 38.29576535927112 0.001000110373384294 0.0004631886483090191 2.7628485637912217 0.0003780565248162288 0.00011901142667393002 0.15009342993837624 9.00709530641589e-06 4.171523874961543e-06 0.3369287761141569 1.4041020978937771e-05 6.5029237784075386e-06 4.336302156070267 2.6504007274678207e-05 1.2275000470986418e-05 
2.3 3.356221125172167 0.0011497844632776665 0.000539349933930087 0.10787654531927275 6.206899311615743e-06 2.9115811185058643e-06 34.94658552097034 0.0008670093468655031 0.0004067035595659714 2.0288610875699256 0.0002767678074203404 8.764964286153319e-05 0.0985908543755079 5.620585491994779e-06 2.6365484232706216e-06 0.21060407120181407 8.337756316875283e-06 3.911140272162345e-06 3.7972639589303943 2.204878409533565e-05 1.0342816958195565e-05 
2.4 2.7342704933654325 0.0008869721543175598 0.0004211136995064714 0.06947644793143516 3.7851920351695444e-06 1.797120928220237e-06 32.63706221638073 0.0007667128295362396 0.0003640173758932721 1.7819378520774212 0.00024235909162996315 7.722257402031629e-05 0.05325892697077989 2.875014112894966e-06 1.36498967111999e-06 0.11958976953365272 4.483107010342961e-06 2.128474686853589e-06 3.6225398564793334 1.9917263578732454e-05 9.45625238499043e-06 
2.5 2.147597786758658 0.0006580751062384146 0.00031601862265085974 0.03732509006804336 1.9209018745308088e-06 9.224490622454204e-07 29.0219044753182 0.000644023306484003 0.00030927071445305905 1.2909426845704555 0.00017507124126540477 5.6128948155616834e-05 0.039711085319375686 2.0249454590088e-06 9.724125237875763e-07 0.09427861123269066 3.3385067447146758e-06 1.603206523349494e-06 3.4219456150307996 1.777229879694061e-05 8.534553782549468e-06 
2.6 1.7948760738089438 0.000518641051112441 0.00025176164214332406 0.015302588201851505 7.426413261216141e-07 3.6049710948803934e-07 25.880912156698905 0.0005415831704101522 0.000262898334112174 0.8551724681334142 0.00011564799691924332 3.730994234008779e-05 0.016729107791064395 8.04422590970055e-07 3.9048731689366757e-07 0.028651025699776737 9.56729491063513e-07 4.644209848804984e-07 3.145272150149478 1.5404181897945904e-05 7.4775842023745625e-06 
2.7 1.3692277254902456 0.00037266737426738756 0.00018276490490856182 0.00953315267710513 4.357767328041743e-07 2.1371522873149039e-07 23.44701532850939 0.00046215368191858364 0.0002266511091695083 0.6648243734293771 8.966055339613455e-05 2.9108593886847018e-05 0.011223425751891447 5.083352019379849e-07 2.492996201411792e-07 0.013328283122035933 4.1921466328195067e-07 2.0559279765667795e-07 2.9451566076160205 1.3586327228062284e-05 6.663056589739969e-06 
2.8 1.1531166504038084 0.0002954164856194205 0.00014629951913923552 0.005180271560462249 2.2289268315476605e-07 1.1038345506284955e-07 21.08341866688548 0.00039116111749889115 0.0001937152670273718 0.46676807027696815 6.278233080483406e-05 2.0511736168663983e-05 0.007216927178080654 3.076754652097963e-07 1.5237055073873864e-07 0.007490847416561783 2.2177316864031287e-07 1.0982903632487537e-07 2.6063829662219566 1.131742698188055e-05 5.604745184991419e-06 
2.9 0.9391051405345496 0.000226387766351854 0.00011316409006969476 0.0012129776232663212 4.9110383670784556e-08 2.454872880560321e-08 19.25544315222031 0.00033615952078425707 0.00016803552109212081 0.42721467108923045 5.731315974693079e-05 1.8843872154208912e-05 0.003045230934413628 1.221625327619998e-07 6.106518953473372e-08 0.004053803670017683 1.1293225883244135e-07 5.645126729341843e-08 2.2763064882645665 9.300739088001338e-06 4.649145547173664e-06 
3.0 0.8517631399153498 0.00019320666181208614 9.744432010201725e-05 0.0 0.0 0.0 17.615469912010184 0.00028936809751148177 0.00014594360906998848 0.3969898555877831 5.312366931487601e-05 1.7577412941633736e-05 0.001831548620381706 6.913544546792341e-08 3.486865522848375e-08 0.0028877142881834866 7.569619390358589e-08 3.817758704624527e-08 1.9661497282519707 7.559060666099891e-06 3.8124333825218437e-06 
