#z II_integral II_yield II_yield_err IIb_integral IIb_yield IIb_yield_err IIn_integral IIn_yield IIn_yield_err Ia_integral Ia_yield Ia_yield_err Ib_integral Ib_yield Ib_yield_err Ic_integral Ic_yield Ic_yield_err Ic-BL_integral Ic-BL_yield Ic-BL_yield_err 
0.6 3.963229859610671 0.000684931514859861 0.00025482126708150163 3.022277445051371 8.772310982114576e-05 3.263642205385703e-05 7.584385801119426 9.492300222595869e-05 3.5315063152478835e-05 7.615599234816901 0.0007728678048015786 0.00023206352412982756 4.402445427429008 0.00012661085099939504 4.710418016688015e-05 5.072521621991887 0.00010130674497024268 3.76900647103406e-05 4.455396250902069 1.3050652066278011e-05 4.855352139037147e-06 
0.7 9.796860194015645 0.0020183879124257764 0.0007578846027100773 6.767450257649478 0.00023416641093942743 8.792716020062811e-05 22.606977999545208 0.00033729771488249155 0.00012665193992937894 22.552354537502467 0.00251421770372342 0.0007550278691180901 10.995014978756652 0.00037695769239721175 0.0001415438673518484 12.663768974669045 0.00030150691137490436 0.0001132128488953755 11.469288291735788 4.004996895704959e-05 1.503836533339359e-05 
0.8 20.253209108096424 0.004880527158184102 0.001850827657685581 13.504495954553802 0.0005465539877620582 0.00020726802744495772 45.56349344824442 0.0007951390144999809 0.00030153818061919843 44.47375052907161 0.005417404949653402 0.001627095203501376 21.39694294938326 0.0008580323743950684 0.0003253890406197218 24.393373474155 0.0006792995373168154 0.00025760872355984837 21.965482715235726 8.971429057611428e-05 3.402208099784323e-05 
0.9 46.277401631790504 0.012796411100477858 0.004904557116626239 31.777686957555762 0.0014757857113531243 0.0005656332276603707 89.65707859895805 0.0017953823950426916 0.0006881269625936971 84.93370201530047 0.011250279116187659 0.0033794728962737836 46.48605023550642 0.0021390499367636095 0.0008198464794383715 51.95002624266841 0.001660051477006359 0.0006362578711786932 47.095603734318004 0.0002207229919818408 8.459782298547349e-05 
1.0 56.05258148087245 0.01744496136678993 0.006763108888396467 34.330366839524345 0.001794463539489365 0.0006956823840795409 124.41264631111989 0.0028040908630658163 0.001087097382512656 114.33230390901943 0.016397612153897484 0.0049264285173858365 54.01710225532373 0.0027975943023122334 0.0010845787786102018 60.713087771256 0.002183600981770398 0.0008465442197330642 55.87225281682629 0.0002947260777788727 0.00011426018747528503 
1.1 61.14212778525756 0.02100518351839396 0.008244519564831599 32.841414658015694 0.0018949143700985366 0.0007437525401421689 151.65260352992672 0.0037730187510776844 0.0014809071715320508 134.7880859635331 0.019237305029725753 0.005782621412597376 54.93771032133902 0.003140765744918022 0.0012327483170929878 62.39761672361536 0.0024772537846317203 0.0009723203454311416 58.937035671927475 0.0003431801887604259 0.000134697979573485 
1.2 62.725902355337716 0.023331369391579128 0.009280462955627348 29.63148451396959 0.0018510942124588465 0.00073630531400788 169.97700180598324 0.004578641471911346 0.0018212352585917535 143.18957525650893 0.020341538044851334 0.006123613412356994 51.628175990564536 0.0031956495943167426 0.0012711258898470868 59.12882523974806 0.00254161127949515 0.0010109706349029227 57.157137464330106 0.00036033941632442003 0.00014333134710293238 
1.3 59.88958775146568 0.02366609921111832 0.009549291763513662 22.245467597225435 0.001476381849226841 0.0005957213694937745 179.45218232334366 0.005135435305156633 0.0020721526443424464 134.00840870808244 0.018952823625424733 0.005718697305225216 40.938380048465895 0.0026920620713326558 0.001086249404066015 48.48523258552108 0.002214121285397882 0.0008933998782586516 49.125936116806585 0.0003290290053915776 0.00013276349190942196 
1.4 53.22148179939084 0.021941280890930417 0.008988714735518863 14.934551293830069 0.001034067753347219 0.0004236279594724645 179.69709840072642 0.005364994003481882 0.0021978844760609127 113.24590750350538 0.01594836060093152 0.0048266198109698545 29.207368729827024 0.002003763712292742 0.0008208846373517248 35.84764022091473 0.001707859555694944 0.0006996611743308693 39.5979792036276 0.00027669163317342745 0.00011335264211164755 
1.5 45.813438283716806 0.01937272690791272 0.008063086068111862 9.857168281277547 0.0007000544840623912 0.0002913683542948819 175.50257604764641 0.00537445618075584 0.0022368922537709555 92.84311093014749 0.013021779520144234 0.003955135844743724 20.215842697330906 0.0014225540552350656 0.0005920785358935164 25.60590307554139 0.0012512800879952084 0.000520792921552983 31.172224726211056 0.00022341568338979373 9.298741951512019e-05 
1.6 38.781480213012195 0.016561932690579772 0.007005794148105374 6.332407644896362 0.0004541897194146705 0.00019212490099146344 167.38540174886472 0.005176752169855979 0.002189796368294456 69.55834799495416 0.00971776916653035 0.0029637606970979503 13.053187452351239 0.0009276459814576719 0.0003923996619130157 17.229122889708137 0.0008502886252783104 0.0003596770489571902 24.77559125376933 0.00017933235424483758 7.585863204534387e-05 
1.7 32.73017947766458 0.013922828078019655 0.005986006550122395 4.305849712292489 0.00030762366519158945 0.00013226028968328928 157.28785813992286 0.004845375435520735 0.0020832297096751036 50.05757857237764 0.0069670369819379106 0.0021345088509996694 8.507661348924072 0.0006022382377669167 0.0002589274259371374 11.994094619737954 0.0005896076514606368 0.00025349700821326713 20.230859277423342 0.00014586174039968907 6.271206744434516e-05 
1.8 28.164128747443748 0.011791134834952498 0.005151483166342847 2.9360777105927047 0.0002064470264622324 9.019559155656206e-05 148.0342358062194 0.00448822491170777 0.0019608812385798085 37.69685868180773 0.0052276200248863825 0.0016094802805719447 5.329210697112011 0.00037127972554359853 0.00016221010809515905 8.17700440146031 0.00039561257057419113 0.00017284099675167334 16.972524332351767 0.00012043527622350488 5.2617522128584476e-05 
1.9 23.989543831798322 0.00978438507189317 0.004341904082930699 1.9521996008515008 0.0001337265274913272 5.934228379652202e-05 139.10942302651995 0.004108859177694868 0.0018233412022048237 27.233418580704747 0.0037633708442662795 0.0011647253058156605 3.211882170306281 0.0002179968457784959 9.6737954178711e-05 5.337712220768622 0.0002515841452366322 0.00011164260394263132 14.477613900415834 0.0001000821266817409 4.44122948223008e-05 
2.0 20.73364982198866 0.008168809975575739 0.003679660879350548 1.3220902950543145 8.748346028769818e-05 3.940714343623498e-05 130.75990997209212 0.0037308759421236237 0.0016805823970675537 18.84935489235002 0.0025959661212513496 0.0008078323894217047 1.9830331677428108 0.00013001458410608215 5.856539450796366e-05 3.47439399436144 0.00015818986902710848 7.12570220520539e-05 12.973448178832511 8.663361644177795e-05 3.90243291508324e-05 
2.1 17.6457127763136 0.006669562118896848 0.003047471056814992 0.8635385382415947 5.481780495603605e-05 2.5047472536215085e-05 121.95372244906298 0.003338153768844614 0.0015252765942353138 12.92332703427162 0.0017739967495516893 0.0005551910414418577 1.1330960106648726 7.12695284300657e-05 3.256463036877782e-05 2.1124323693085953 9.226935745074345e-05 4.215991863474334e-05 11.74956744588121 7.527105149731674e-05 3.439301512826216e-05 
2.2 15.131128657817909 0.005456514847359164 0.002527116810191538 0.5630670746088867 3.41024790705505e-05 1.5794137932219318e-05 113.29821318408835 0.0029588315373328938 0.0013703459306333027 9.47548261935482 0.0012965850090293112 0.0004081623291744991 0.6066651480203152 3.6405929357090126e-05 1.6860952208986493e-05 1.271658119214323 5.299451871061073e-05 2.4543750512547473e-05 10.911679227082837 6.669351332187752e-05 3.088826904375067e-05 
2.3 12.53967222470433 0.004295879133357139 0.002015144751689234 0.34789565483297 2.0016893330297346e-05 9.389681666427483e-06 104.12533871655556 0.002583303649468627 0.001211796381984839 7.386048146685591 0.0010075703869443873 0.000319087633047607 0.3324010908100199 1.8949919446018725e-05 8.889177169827909e-06 0.722426386968353 2.8600658748190857e-05 1.3416221821453216e-05 9.826084029088044 5.705508165964175e-05 2.676384618711974e-05 
2.4 10.143369035085016 0.0032904154533788333 0.001562212542683192 0.20186810786738021 1.0998109097466203e-05 5.221645783427365e-06 94.3055043754959 0.0022154334731846136 0.001051836161216424 5.555688597731105 0.0007556221112623591 0.00024076292754651995 0.17668584562724227 9.537824522934888e-06 4.528336713328926e-06 0.3915750774497205 1.4679123319962897e-05 6.969305515050161e-06 8.777292377581484 4.82588605558623e-05 2.29121818579325e-05 
2.5 8.25211833509527 0.0025286455795132815 0.0012142977080194645 0.104575359562331 5.3818759404683004e-06 2.5844664322683237e-06 86.1709456254541 0.0019122141819381652 0.0009182770876165146 4.182980954843844 0.0005672751212790905 0.0001818719947497009 0.10400159768610584 5.30324369808614e-06 2.5467059202872543e-06 0.19926795969335878 7.056292182750521e-06 3.388548990040309e-06 8.07548132089641 4.194101342045784e-05 2.0140772942279422e-05 
2.6 6.653170814758414 0.0019224767408450177 0.0009332194206751195 0.05716413344487416 2.7742005017790273e-06 1.3466679362627252e-06 78.17373141637151 0.0016358610951164533 0.0007940888495839614 2.816212693099744 0.00038084640115509754 0.0001228673011729636 0.06273689958897191 3.0167167279384232e-06 1.464391520258498e-06 0.09152408013912224 3.0562182146323985e-06 1.4835665530405093e-06 7.616661085864856 3.7303109944267434e-05 1.8107884434673608e-05 
2.7 5.319691105779681 0.001447878449579797 0.0007100738766757258 0.02709826197915281 1.2387079563203518e-06 6.074917137337928e-07 71.23050748080281 0.001403992825353565 0.0006885513273666324 1.9755180846932672 0.0002664253174172861 8.649585656258549e-05 0.0413492314247354 1.8728033998648793e-06 9.18467134295339e-07 0.044999049557204754 1.4153556940085341e-06 6.941239472217956e-07 7.146986452265662 3.296982455327175e-05 1.6169182669066282e-05 
2.8 4.299360726443378 0.0011014514756779255 0.00054547335403102 0.014106268459773396 6.069535138462465e-07 3.005824371290189e-07 64.30623968066598 0.0011930750402992733 0.000590848220020031 1.4165095479886398 0.0001905266805787699 6.224733862257528e-05 0.025453847412463662 1.0851605054010989e-06 5.374055540475017e-07 0.01878417466692732 5.561221187027773e-07 2.754091342543566e-07 6.570509448052147 2.8530443099033793e-05 1.412917121895234e-05 
2.9 3.4351160011329838 0.0008280949651849964 0.00041393850355327826 0.0033936186543569824 1.3739900139213923e-07 6.868141869848356e-08 58.262821846917284 0.0010171462747841184 0.0005084392788028486 1.1383123292541593 0.00015271075827547615 5.020944610665051e-05 0.016800494637413278 6.739689109837569e-07 3.368957597655777e-07 0.010508857636921793 2.9275937546352686e-07 1.463411599821671e-07 6.003690428889348 2.4530421774091412e-05 1.2261982631943345e-05 
3.0 2.894194970606733 0.000656494420455701 0.00033110479655351014 0.0 0.0 0.0 53.44455897333916 0.0008779300484008801 0.000442786474654588 1.0631918229904385 0.00014227227730844407 4.707465806954086e-05 0.0077591584453863835 2.928848678154075e-07 1.477173020058682e-07 0.0 0.0 0.0 5.46263239999573 2.1001640472662296e-05 1.0592236094198519e-05 
