#z II_integral II_yield II_yield_err IIb_integral IIb_yield IIb_yield_err IIn_integral IIn_yield IIn_yield_err Ia_integral Ia_yield Ia_yield_err Ib_integral Ib_yield Ib_yield_err Ic_integral Ic_yield Ic_yield_err Ic-BL_integral Ic-BL_yield Ic-BL_yield_err 
0.7 3.848463708963428 0.0007928757252579661 0.00029771695536632664 3.1410464295653466 0.00010868606949478918 4.08105389910807e-05 6.143133241415608 9.165598359010401e-05 3.441591097605317e-05 6.315882112787307 0.0007041172839046048 0.00021144874275938735 4.094298409758757 0.00014037063919514228 5.2707780037541295e-05 4.534140593694691 0.00010795164763973344 4.05347708830704e-05 4.107807415716698 1.4344182070960339e-05 5.386097817532666e-06 
0.8 7.223945618347777 0.0017407938954966484 0.0006601560412818594 5.860569604505495 0.00023718898496315045 8.994846647498329e-05 12.189358847024009 0.0002127193076628047 8.066890423626572e-05 12.404572518877492 0.0015110169878336163 0.00045382771200636756 7.877956005872501 0.0003159115446112599 0.00011980218636181929 8.235397175212071 0.00022933693433870397 8.69707568968483e-05 7.633279143558796 3.11768346733771e-05 1.1823097387300818e-05 
0.9 11.273381175862495 0.0031172627444931047 0.0011947719605012199 7.316831562012971 0.0003398005489203441 0.00013023739135565451 23.703438059429185 0.00047466118748128194 0.000181926235939751 23.249217692442645 0.00307958068548418 0.0009250756671012025 11.485535392090098 0.0005285055114314958 0.00020256347243882594 13.414135942256163 0.00042864571578246483 0.00016428961052788695 12.194794690230276 5.715335099676201e-05 2.1905507112047912e-05 
1.0 14.177275690058554 0.0044123217908134775 0.0017105806137653332 8.328229535781933 0.00043532026093159507 0.0001687661132692603 34.65659690290425 0.0007811122872297829 0.00030282368309833194 34.670655215500524 0.004972487546456515 0.0014939129076416654 13.5701797824667 0.0007028118143275618 0.00027246794810319614 15.382096131978296 0.0005532309663119543 0.00021447804824167597 14.53938665671807 7.669525008582607e-05 2.9733417956470175e-05 
1.1 14.180203323921718 0.004871563747229198 0.0019120852998110983 6.83582172101578 0.0003944195749625836 0.00015480940214990387 42.464729741677765 0.0010564950277505722 0.00041467354564217 38.09892553266998 0.005437577412999773 0.0016345039771673564 12.399222358200712 0.0007088583164182601 0.0002782263841344803 14.518928081966095 0.0005764173606046393 0.000226243403341467 14.262327490552204 8.304707192292772e-05 3.259591655892873e-05 
1.2 13.34117172400964 0.00496234878927767 0.001973861599757418 5.437825689896298 0.00033970379236928044 0.00013512316435687166 47.51643438565748 0.0012799420790105237 0.0005091194970275962 38.427837745508576 0.005459065871809016 0.001643396331085757 10.497223266570336 0.0006497507732870221 0.00025844980981085515 11.845271976265256 0.0005091607475963421 0.00020252765181596409 13.060413321833433 8.233760335324896e-05 3.2751231397963255e-05 
1.3 12.347072033046567 0.004879095727182614 0.0019687194000729447 3.864494784621487 0.00025647786145698134 0.00010348904177601545 50.35626288804306 0.0014410598239761026 0.0005814689013625231 32.53818810433717 0.004601879435608887 0.0013885400955288068 8.033102888319597 0.0005282478587368622 0.0002131484737526916 9.625667706353596 0.0004395646801778759 0.0001773647335164601 10.881221287122788 7.287876222928258e-05 2.9406644402310547e-05 
1.4 10.718888698574556 0.0044190078859611135 0.0018103410415447416 2.718564645655815 0.00018823331080752818 7.711379946238783e-05 51.509866630483174 0.001537866376542319 0.0006300198347034039 24.106978514021563 0.0033949728940855855 0.0010274562908580117 5.528789366662777 0.0003793011143285709 0.00015538880945520646 6.801123442822967 0.0003240203145787348 0.00013274184815095476 8.98150786777468 6.275845713022904e-05 2.5710343493123074e-05 
1.5 9.461528469419296 0.00400091357549667 0.0016652126808813096 1.8880003695720162 0.00013408547839654426 5.580746365415917e-05 50.96640481590517 0.0015607560614915496 0.0006495993318314708 19.335902849027104 0.002711971423624502 0.0008237134848508885 3.8811620520511894 0.00027311069337212574 0.00011367088573791396 5.025911203621579 0.0002456005005787419 0.00010222092036660612 7.5061534157024 5.3797648699346545e-05 2.2391017732650925e-05 
1.6 7.9186372881994895 0.003381715629417145 0.0014304854396976635 1.2481561517892759 8.952356262530919e-05 3.786898925840162e-05 49.32957827355712 0.0015256228960089059 0.0006453473852815551 13.763989004207124 0.001922921860698151 0.0005864597251348839 2.4155246660798504 0.00017166318631218596 7.261452926898322e-05 3.123874047229922 0.00015416887941221933 6.521433539096697e-05 5.963943220607336 4.316861573066739e-05 1.8260576293715888e-05 
1.7 6.5273002867826735 0.002776595825528546 0.0011937747636843951 0.8315770766319676 5.941052412315504e-05 2.5543071030867365e-05 46.85559585683963 0.0014434232614411338 0.0006205880765867098 9.328056927393746 0.001298283285692848 0.00039775835431915513 1.5205623266809687 0.00010763719175903953 4.627773404195024e-05 2.2882319946663645 0.00011248528006041361 4.8362130126206484e-05 4.812330130952619 3.469624491244115e-05 1.4917367947566087e-05 
1.8 5.5410467052129615 0.002319802945577193 0.001013509385708047 0.5856398420171786 4.117861169888835e-05 1.7990713188299025e-05 44.33353273417236 0.0013441408668599648 0.0005872478896854617 6.376242600898583 0.0008842268207371122 0.0002722358596750032 0.8682195773215182 6.0487817934126834e-05 2.6426801170382902e-05 1.5735304132888244 7.612915208492351e-05 3.3260415636237426e-05 4.424786871939179 3.139782973451734e-05 1.3717542340165811e-05 
1.9 4.588866367541284 0.0018716168968569255 0.0008305459143762833 0.3398651320085101 2.328091036339515e-05 1.0331101956682343e-05 40.825493546619825 0.0012058579511969672 0.0005351097205665788 4.707083932683277 0.0006504692894606141 0.00020131368218600766 0.5982707232283001 4.060582663683212e-05 1.801918088564396e-05 0.9921564525129043 4.6763636315058735e-05 2.0751761296916456e-05 4.058966985745567 2.805918508800154e-05 1.2451502000598315e-05 
2.0 3.8895058942272747 0.0015324187888583205 0.0006902818752062216 0.2280285932043213 1.5088780586828513e-05 6.796778944358259e-06 38.98050623170412 0.0011122019963359113 0.0005009941702756274 3.339971062040741 0.00045998665591131404 0.00014314212974698433 0.2761974686628184 1.8108471206370814e-05 8.157006134572524e-06 0.5573837622490212 2.537779667219776e-05 1.1431491967373997e-05 3.683887289760561 2.460012743540151e-05 1.1081188915121656e-05 
2.1 3.274598319934022 0.0012377021651713564 0.0005655336074657967 0.14420214938156384 9.154015656482698e-06 4.182673055510343e-06 36.717809491280654 0.0010050508641770354 0.0004592300610752857 2.0973420550337623 0.00028790403419034566 9.010261186659115e-05 0.20602095400940224 1.2958316065685133e-05 5.920942402402851e-06 0.40864542202192994 1.7849305408765567e-05 8.155744057521634e-06 3.341757104476257 2.1408240963860545e-05 9.781900753250203e-06 
2.2 2.684546666162948 0.0009680883081235479 0.0004483580280905757 0.11366803038020686 6.884369201882868e-06 3.1884097495057976e-06 33.787868406698486 0.0008823847067963592 0.0004086654738381642 1.5705376333622592 0.00021490573444506308 6.765188901090431e-05 0.09593791637697936 5.75722705958011e-06 2.666387921476286e-06 0.21844220853844193 9.103264102721112e-06 4.216063253769692e-06 3.1167100433482635 1.9049711641133717e-05 8.822636401495285e-06 
2.3 2.2946727527808033 0.0007861159861207352 0.0003687574660444964 0.05728477523279471 3.295997576731567e-06 1.5461124515252679e-06 30.221580003404906 0.0007497840475508663 0.0003517145947124645 1.4068849800152945 0.00019192071532005386 6.077940318392834e-05 0.07722173183797648 4.402348964155694e-06 2.065088456827716e-06 0.1175409011291003 4.65341142404244e-06 2.182858808991138e-06 2.890030909894432 1.6780942344355165e-05 7.871736341706711e-06 
2.4 1.746475039859604 0.0005665404108060523 0.00026898017841159354 0.041146568854987325 2.2417332684906015e-06 1.0643226908596108e-06 26.67088425711729 0.0006265548350961725 0.00029747362785478225 1.0695864272240379 0.000145473084046981 4.635190669031554e-05 0.02047936461098586 1.1055134909497762e-06 5.248720309448362e-07 0.06459869393342144 2.4216357198550026e-06 1.1497361804213385e-06 2.740722502166374 1.5068900449549054e-05 7.154362608696273e-06 
2.5 1.5064822874601838 0.0004616220492864845 0.00022167859385328385 0.03367968724112958 1.733294527545894e-06 8.323568906508375e-07 24.0344899316724 0.0005333478955047944 0.0002561225394082853 0.7579422822774148 0.00010278837143725943 3.295460253609507e-05 0.015271991531795185 7.787485447354598e-07 3.7396801697206603e-07 0.04070613539655666 1.4414479148113644e-06 6.922072881094654e-07 2.54228270983327 1.320366044012832e-05 6.340617577968831e-06 
2.6 1.203794119072795 0.0003478440970656937 0.00016885242866773175 0.014582257368405674 7.076833544151173e-07 3.435276151837416e-07 21.970860259808166 0.0004597615448830087 0.00022318002264923547 0.5733442550154959 7.75353710607924e-05 2.5014183562691002e-05 0.007521920094234463 3.616930757362777e-07 1.7557507741417314e-07 0.018459743646528592 6.164170640579839e-07 2.9922462165217136e-07 2.309039039373691 1.1308673995120012e-05 5.489519831428986e-06 
2.7 1.0095346718902325 0.0002747684905887496 0.0001347529741583727 0.0057862120621202965 2.644976612824556e-07 1.2971591625871857e-07 20.009367837900275 0.0003943957424681222 0.00019342101119055731 0.4201959263804659 5.666910059228765e-05 1.839781010257404e-05 0.010384159024239835 4.703228489441839e-07 2.3065746212045037e-07 0.007587298507460702 2.386433991461402e-07 1.1703637389171131e-07 2.242414508294741 1.0344501617286768e-05 5.073188545486606e-06 
2.8 0.8027355990501837 0.00020565250659589492 0.00010184557832536883 0.00523459040706018 2.2522987210765646e-07 1.1154090441517141e-07 17.775896464893126 0.00032979658733776613 0.00016332562497353129 0.2829781050973478 3.8061783005433265e-05 1.2435238403991732e-05 0.007353855483141551 3.1351305770871425e-07 1.5526150983241207e-07 0.003923259465269931 1.1615156932543242e-07 5.7521904046580505e-08 2.0533334395470004 8.915977265310234e-06 4.41547188484153e-06 
2.9 0.6031007153801509 0.00014538800603561866 7.267486965040826e-05 0.0036777156311989102 1.489013665345782e-07 7.443108753425643e-08 15.851194884776833 0.0002767285091389871 0.00013832783651562464 0.23553322739829016 3.1598056904672345e-05 1.0389058067330687e-05 0.006270796342776331 2.5155936615879325e-07 1.257465773376842e-07 0.003751662574988229 1.045151081450143e-07 5.224379966443989e-08 1.897072068307739 7.751228768810072e-06 3.874594306395252e-06 
3.0 0.5141178379108152 0.00011661809085876566 5.8816660195600066e-05 0.003288552252803988 1.2528232455209958e-07 6.318649068453563e-08 14.454449234473474 0.00023744223097359207 0.00011975465309385334 0.18061347672584288 2.4169007032150976e-05 7.996974276669633e-06 0.003773992173211331 1.4245684072151205e-07 7.184850593552739e-08 0.0036871079722599794 9.66508498273963e-08 4.8746126351858796e-08 1.5998802688867444 6.1509008379351975e-06 3.1022240358899963e-06 
