#z II_integral II_yield II_yield_err IIb_integral IIb_yield IIb_yield_err IIn_integral IIn_yield IIn_yield_err Ia_integral Ia_yield Ia_yield_err Ib_integral Ib_yield Ib_yield_err Ic_integral Ic_yield Ic_yield_err Ic-BL_integral Ic-BL_yield Ic-BL_yield_err 
0.4 1.484382493535893 0.00017033189522664877 6.234639071909459e-05 1.3082336867362094 2.5212579696961835e-05 9.22853199473568e-06 1.8240032935900674 1.515754737465333e-05 5.548099900525693e-06 1.8892256100549993 0.00015588252831575525 4.67945563052678e-05 1.5480453930135372 2.9560576863959675e-05 1.0820024473924347e-05 1.6173755777831111 2.1447545733729955e-05 7.850420876850398e-06 1.3860654472488216 2.6957640699727255e-06 9.867274697400368e-07 
0.5 4.246256081971658 0.0006038906824395838 0.00022276004497244665 3.668171572097543 8.761603364004711e-05 3.231934547345313e-05 5.546693469459217 5.7126744289797344e-05 2.1072615453704806e-05 5.758445857965499 0.0005287640265530072 0.00015874831601545746 4.450065306684234 0.0001053167843061708 3.884870604994498e-05 4.708565185125511 7.738509153770701e-05 2.8545408916556874e-05 4.079191147485592 9.832731762383464e-06 3.627046803805715e-06 
0.6 6.642995337418367 0.001148052729929706 0.00042712044192757105 5.585143845536589 0.00016211158500062018 6.031183936236401e-05 9.79170364712053 0.00012254886967305457 4.559296451103277e-05 10.055899920648114 0.0010205213086114467 0.00030642468201500113 7.0563497015790855 0.00020293504039821785 7.549975874608433e-05 7.649912156654685 0.00015278154686202235 5.684070087798186e-05 6.6657556721405165 1.9525189935308655e-05 7.264133028453685e-06 
0.7 8.366058728041939 0.001723608531398529 0.000647197874603161 6.694818527398195 0.000231653217499396 8.698348103959777e-05 13.70294870235407 0.00020444896635671568 7.676855508687727e-05 13.864097551879315 0.0015456195251417743 0.0004641546413450455 8.862488186696279 0.00030384525188999466 0.00011409087252074997 9.6310592346351 0.0002293022660877677 8.610072214789829e-05 8.557733614008894 2.988301949221344e-05 1.1220776846812651e-05 
0.8 9.397306182523566 0.002264520540561798 0.0008587673241077327 7.019877589327248 0.00028410850008470985 0.000107741613292445 16.958436306256825 0.00029594557641491166 0.00011223055220170504 16.840282287534183 0.002051336519469221 0.0006161104518887995 9.68709330357775 0.00038845921531491327 0.00014731422165780697 10.640867535760986 0.00029632377011529166 0.00011237397346296206 9.485637531552742 3.874247849855575e-05 1.4692193775046106e-05 
0.9 9.730401356674333 0.0026906051667152492 0.0010312443555327649 6.728006788040633 0.0003124549718467272 0.00011975648826559589 19.531186105275008 0.00039111187020230104 0.00014990378875261843 18.77729141325747 0.0024872313867478017 0.0007471397795083331 9.665357108961437 0.0004447502295415535 0.00017046208396178546 10.853979267969674 0.0003468364814874818 0.00013293409536690415 9.826787625900293 4.605521098306507e-05 1.765185652532527e-05 
1.0 9.489157673876429 0.002953262537616419 0.001144928652920096 6.156265282158681 0.00032179072364410023 0.00012475268116236648 21.350230077881008 0.00048120498085079446 0.0001865548231782363 19.508581851444053 0.0027979332868784 0.0008405991192409446 9.251658122691913 0.0004791516940069238 0.0001857587994890899 10.27410263013994 0.00036951737118870123 0.00014325547445812783 9.477527390420024 4.9993947514124846e-05 1.938178616104445e-05 
1.1 8.96719883740229 0.003080652637525323 0.0012091539652717845 5.165446940163048 0.00029804074327557847 0.00011698077938241858 22.273888872771398 0.0005541599578262622 0.00021750738860929495 19.260462340442977 0.002748903112674893 0.0008263042030028063 8.236083724625098 0.00047085343534114836 0.000184809637889566 9.258904151039372 0.0003675886444717991 0.0001442782810492384 8.724844088486895 5.0803261600386116e-05 1.9940243980961233e-05 
1.2 8.232240888959776 0.00306204368352842 0.0012179817865193407 4.1956063211593415 0.00026210170385464014 0.00010425556736107056 22.248499596925768 0.0005993040344279177 0.00023838373124698397 18.092872478970772 0.0025702768739437115 0.0007737557457085468 7.0128132447536355 0.0004340748703713983 0.00017266092216192247 7.944127485181327 0.0003414727747459359 0.0001358268082424995 7.662824817799442 4.830923913859956e-05 1.921585041648392e-05 
1.3 7.515837708767865 0.0029699747075986743 0.0011983873962546337 3.1365975419434 0.00020816895212543603 8.399635454146994e-05 21.96730794695592 0.0006286448419266196 0.00025365874441889255 15.9122564676767 0.0022504721399337923 0.0006790423008453122 5.480238780843737 0.00036037437109846245 0.00014541137443112016 6.3359179103270815 0.000289335328711574 0.00011674705859683546 6.342369464891378 4.2479058554676466e-05 1.7140337339049725e-05 
1.4 6.800212446516678 0.0028034802181838418 0.0011485055987930585 2.290128919560632 0.00015856843772091853 6.49609500837936e-05 21.44193077548737 0.0006401652061016157 0.00026225736090141515 13.579501068467142 0.0019123938744889757 0.0005787678365164852 4.180697559993914 0.0002868156368441281 0.00011750015662685028 4.972905429357496 0.00023692003168845544 9.705935540244152e-05 5.294718844193081 3.6996948674080206e-05 1.515659087402704e-05 
1.5 6.11293293106638 0.0025849223441067556 0.0010758656455021423 1.6575186946145064 0.00011771670742256395 4.899464841034821e-05 20.634971067139737 0.0006319095154557668 0.0002630058656480426 11.735499095037994 0.00164597114684591 0.0004999347034123404 3.1746365295398347 0.0002233937084201059 9.297827335450071e-05 3.832370957720392 0.0001872759361409581 7.794576358654e-05 4.358064719099757 3.123485782700403e-05 1.3000201168453163e-05 
1.6 5.330124832117097 0.002276271256719383 0.0009628760210392373 1.1100042559883985 7.961466630828563e-05 3.367746830919069e-05 19.50432436978163 0.0006032130188648707 0.0002551626260399052 9.587883696777391 0.0013394918546308953 0.0004085231131555392 2.1724944250265468 0.00015439184723820538 6.530865208212206e-05 2.7194550419064254 0.00013421006419717717 5.677164011807826e-05 3.489650352834148 2.5259022352084776e-05 1.0684713812522062e-05 
1.7 4.6660171560080395 0.0019848395489710773 0.0008533656003294416 0.7654469058031094 5.4685973363279994e-05 2.3511788906537606e-05 18.361029655430272 0.0005656258729402086 0.00024318623783655733 7.632641050337617 0.0010623145182836152 0.0003254640025164769 1.5164468946394691 0.00010734586956852521 4.6152482438551674e-05 2.0221041596761773 9.94029247220916e-05 4.273747798603849e-05 2.8415167508720844 2.0486948822762004e-05 8.808196808713228e-06 
1.8 4.056354113328836 0.0016982246714418812 0.0007419451927280251 0.5273097699965016 3.7077197802876134e-05 1.6198827594651107e-05 17.023905020445117 0.0005161448916946995 0.00022550091727195555 6.019903826511635 0.0008348114641857279 0.00025702185377016255 0.9648460038171278 6.72196653217691e-05 2.9367908958670517e-05 1.3908988895956198 6.729323577512593e-05 2.940005149264312e-05 2.3169507493516015 1.644084274267479e-05 7.1829154542714815e-06 
1.9 3.5412015396004968 0.0014443158954404703 0.0006409274611921321 0.3557929186138165 2.437197072034915e-05 1.0815269268554684e-05 15.894473897168135 0.0004694732644715262 0.00020833275355150286 4.52852731721587 0.000625794650883399 0.00019367713050082798 0.6021944747057706 4.08721394715977e-05 1.813735947081915e-05 0.9330822946461068 4.3979274607684404e-05 1.9516177110810285e-05 1.9088641209591066 1.3195764307996365e-05 5.855732629622958e-06 
2.0 3.1272791221055125 0.0012321105598095316 0.0005550072825199117 0.24659386942721925 1.6317255382575587e-05 7.350148487865125e-06 15.111287505869738 0.0004311592063821047 0.0001942167426148558 3.292377402725086 0.0004534319739142149 0.00014110239418330773 0.3808432988374781 2.4969417513224847e-05 1.12475365540754e-05 0.6240702529530794 2.841404623038619e-05 1.2799178172906514e-05 1.668502353949813 1.1141863826159727e-05 5.018880420373765e-06 
2.1 2.6354531759509943 0.000996124038244787 0.0004551511960504478 0.16127421310297227 1.0237757745379904e-05 4.677858884818238e-06 13.839689879139376 0.00037882413100580797 0.00017309315878359923 2.289683492191406 0.00031430691662277896 9.836567311427044e-05 0.21853489342516327 1.3745418440567186e-05 6.280586958288651e-06 0.3845799463037063 1.6798144664625986e-05 7.675445368234468e-06 1.4431747998458684 9.245385856047657e-06 4.224422128937622e-06 
2.2 2.325696420174468 0.0008386814582119956 0.0003884248592247949 0.11029328213967515 6.679975646601643e-06 3.093747423113341e-06 12.912556296642816 0.00033721695801164564 0.00015617782909274475 1.7042878892734425 0.00023320755438762154 7.341326478176831e-05 0.1221238329834844 7.3286419220260275e-06 3.3941691198714215e-06 0.24254452660375037 1.0107693458679013e-05 4.6812521850010555e-06 1.310402596957016 8.009340380925056e-06 3.7094261229725396e-06 
2.3 1.9502865062203092 0.000668135096038156 0.00031341406273423185 0.06971606001456726 4.0112571609731685e-06 1.8816320396086272e-06 11.830080915527995 0.0002934990808124361 0.0001376768558808577 1.301922047023365 0.00017760215945510817 5.6244857350896e-05 0.06844974409451983 3.902264982135992e-06 1.8305051316252382e-06 0.14307938546541948 5.664472881133263e-06 2.657135464745098e-06 1.1643167423782073 6.760596247439381e-06 3.171313629504016e-06 
2.4 1.6289676458495885 0.0005284220949092876 0.0002508824907354867 0.042225890691403055 2.300536511031401e-06 1.0922410994463887e-06 10.679775556404033 0.00025089025725951337 0.00011911684475142754 0.968409264929265 0.00013171210741198157 4.19672639288607e-05 0.03788981212078841 2.0453612338448178e-06 9.710898271369328e-07 0.08414672367661563 3.1544401187751447e-06 1.4976546240181504e-06 1.017803025213906 5.596032598001116e-06 2.6568658085058066e-06 
2.5 1.3217399576552082 0.0004050125998529236 0.0001944937937150818 0.022148143985329466 1.1398341228712233e-06 5.473673234947056e-07 9.69074596370295 0.00021504675074470806 0.00010326903013295958 0.7196980224310295 9.760187468367877e-05 3.129177884622541e-05 0.022262946531052798 1.135230934124462e-06 5.451567956176239e-07 0.043920090559938785 1.5552575143575366e-06 7.468605526868329e-07 0.9076998686432824 4.714251802428766e-06 2.263862205559762e-06 
2.6 1.0925646643542046 0.0003157036266723856 0.00015325062162194924 0.013510682173705529 6.556793395952675e-07 3.1828353521550813e-07 8.860994026322208 0.0001854248879910076 9.000998705121241e-05 0.5001088610778635 6.763148976423321e-05 2.181902886947373e-05 0.013892119551924003 6.68005427641126e-07 3.2426693387045915e-07 0.020705606361503044 6.914120438123308e-07 3.3562910451167865e-07 0.8471478205410989 4.1489634279956805e-06 2.0140130511927603e-06 
2.7 0.8823414502045565 0.00024014987816382296 0.00011777518687461542 0.006630456287466202 3.0308951045042117e-07 1.48642272925423e-07 8.046316538302897 0.00015859736354322088 7.777990258392729e-05 0.36203897139685504 4.882584908698083e-05 1.58514726757718e-05 0.00978410463607021 4.431449822814518e-07 2.1732879275142782e-07 0.010654376126806323 3.3511223160422326e-07 1.6434697366047795e-07 0.7938395994460017 3.6620682705893748e-06 1.795964995751707e-06 
2.8 0.7205597940830565 0.00018459992054761055 9.141967670703713e-05 0.003611168851091728 1.5537855595989745e-07 7.694833947339944e-08 7.262917577995258 0.00013474906517760876 6.673196791509627e-05 0.26118874158849803 3.513101906730087e-05 1.1477722875323633e-05 0.006294865042775338 2.683656745700839e-07 1.329031081686485e-07 0.004795363958634921 1.4197099483547455e-07 7.030849423517543e-08 0.7274428625508431 3.1586998484505303e-06 1.564287341529153e-06 
2.9 0.5863564074605025 0.00014135149691068817 7.065714630103417e-05 0.0009611460436831671 3.891436252701033e-08 1.945206005154477e-08 6.6647200545958825 0.00011635198847427418 5.816068207072098e-05 0.2148302946466738 2.88206464543287e-05 9.475879180018646e-06 0.004402880512465367 1.7662602490106033e-07 8.828976809414085e-08 0.002879754091455668 8.022518131190967e-08 4.010203285334984e-08 0.6744697740616122 2.7558096520090283e-06 1.3775421556577843e-06 
3.0 0.5020135165872889 0.00011387245019080745 5.743188864774395e-05 0.0 0.0 0.0 6.185534390064908 0.00010160934266786603 5.12469560801848e-05 0.2019922914872993 2.7029838536396974e-05 8.943558301363232e-06 0.0020288435329567146 7.658273434556486e-08 3.862471619697613e-08 0.0 0.0 0.0 0.6279468246161976 2.4142048157129547e-06 1.2176109490622567e-06 
