#z II_integral II_yield II_yield_err IIb_integral IIb_yield IIb_yield_err IIn_integral IIn_yield IIn_yield_err Ia_integral Ia_yield Ia_yield_err Ib_integral Ib_yield Ib_yield_err Ic_integral Ic_yield Ic_yield_err Ic-BL_integral Ic-BL_yield Ic-BL_yield_err 
0.6 0.6242384330657856 0.00010788185160562354 4.013626110760601e-05 0.474609183171921 1.3775768192852672e-05 5.125123650708339e-06 1.3179929257059386 1.6495448504494212e-05 6.13695091815552e-06 1.3594944012458736 0.00013796806017933748 4.142668909697065e-05 0.7184290086867398 2.0661450476082402e-05 7.686866315582283e-06 0.8268111468885608 1.6512802160023447e-05 6.143407155596077e-06 0.7290640627031193 2.135558967272346e-06 7.945113199805738e-07 
0.7 1.3568026598364005 0.0002795338541049879 0.00010496218425513691 0.9422728893925107 3.260440080592564e-05 1.2242628485473434e-05 3.196565016728241 4.7692976727691765e-05 1.7908238796320498e-05 3.1851556995902963 0.0003550926283864787 0.00010663548751292941 1.4381472275476468 4.930604108054734e-05 1.8513928430450572e-05 1.801191302802314 4.288388611554391e-05 1.610247306340742e-05 1.5902153634256255 5.55292310387822e-06 2.0850674414733518e-06 
0.8 2.4027405415549095 0.0005790015994275628 0.00021957303777476436 1.5421397586549253 6.24134834514167e-05 2.366887789788749e-05 5.699176130896417 9.945763481306098e-05 3.7717020172979814e-05 5.492860608281758 0.0006690924397664683 0.00020095915102538275 2.5312050156530166 0.00010150309110975432 3.8492712421748226e-05 3.037391810597669 8.458439968440463e-05 3.207668788034685e-05 2.6441033990264544 1.0799392106644403e-05 4.095421037387625e-06 
0.9 3.2425557412639883 0.0008966163790173738 0.00034365152917204217 2.0213354611211463 9.387272256027707e-05 3.597916055329721e-05 8.308970750184445 0.00016638708330587058 6.377217386459369e-05 7.6976243421787425 0.0010196237809753136 0.0003062849282774 3.345668950596271 0.00015395054905608424 5.9005548903734316e-05 3.848303006204152 0.00012297166241217813 4.713208549579072e-05 3.4506791133914594 1.6172299702827833e-05 6.1984541585065765e-06 
1.0 4.422864528628095 0.001376505752171144 0.0005336474006276675 2.8004635360940426 0.0001463814742406011 5.674955815137798e-05 11.074540956021407 0.0002496050042193517 9.676753001229293e-05 10.248500358920777 0.0014698464764463205 0.00044159439373147604 4.693131190368571 0.0002430614847890133 9.423072104549496e-05 5.173747539677328 0.00018607849842254665 7.213940576656981e-05 4.704865223150833 2.4818159350823025e-05 9.621569837278292e-06 
1.1 5.270274723490168 0.0018105861174487357 0.0007106537610607806 3.116589933236518 0.0001798238934495139 7.05807500548829e-05 13.630896550829092 0.0003391278954873287 0.0001331074573510426 11.761918649109568 0.0016786915191373617 0.0005046048554467254 5.0962178956371185 0.00029134862923178975 0.00011435412938834513 5.629064448394664 0.00022348002922111584 8.77157522403547e-05 5.088988992439836 2.963230476583142e-05 1.1630658507649594e-05 
1.2 5.5281916178161445 0.002056252295455806 0.0008179105536038029 2.9433879430960457 0.0001838749720392032 7.313950749469245e-05 15.75861777644451 0.0004244871960595342 0.00016884725590048184 12.144931794860925 0.0017253112994764484 0.0005193874421230997 5.01282239898551 0.0003102806473083143 0.00012341959037484468 5.652970666224481 0.0002429889981692552 9.665315216982843e-05 5.161484073745305 3.25398758757271e-05 1.294330853783453e-05 
1.3 5.373388491668147 0.0021233598346248024 0.0008567775533634388 2.477993178311935 0.00016445885594348997 6.635929244141109e-05 16.327899412187783 0.00046726024735274456 0.00018853991913321622 11.739838225350287 0.0016603665801358293 0.0005009878250948999 4.288075336652502 0.0002819790367658135 0.00011377878835250846 4.882366950393866 0.00022295763083991858 8.996359935784899e-05 4.605480691914094 3.084596144504194e-05 1.244637246455961e-05 
1.4 5.087629237282848 0.00209744446020687 0.0008592629582617964 1.6120575341782282 0.00011161880125068227 4.572702790463268e-05 17.152195124747667 0.0005120918746590646 0.00020978938297034944 10.774819690325598 0.0015174120956733983 0.0004592303538681416 3.267434525862269 0.00022416147088694043 9.183253824209994e-05 3.8073497848123035 0.00018139042547272186 7.43104652109283e-05 4.0517116162701745 2.8311412016470767e-05 1.1598375119521349e-05 
1.5 4.977113668284912 0.002104628412480304 0.0008759634155732136 1.3557594081999556 9.628581210517216e-05 4.007493595674178e-05 17.11846199342347 0.0005242226407013615 0.00021818571494452426 9.959610315954107 0.001396892546378426 0.0004242814718902147 2.4792274974445574 0.00017445897176503487 7.26112390569663e-05 2.959251524617822 0.00014460933079375298 6.01875763791334e-05 3.4764426184884227 2.4916149238521196e-05 1.0370303403908458e-05 
1.6 4.325976264975756 0.0018474418028411115 0.0007814786603178994 0.805475935012685 5.7772479194944225e-05 2.4438095735994147e-05 16.91516711923264 0.000523137783660145 0.00022129033440062613 8.976838000102752 0.0012541246600144185 0.00038248751466682146 1.6965472923442413 0.00012056789070416251 5.100092114400816e-05 2.344915433646605 0.00011572585170080245 4.895271039781111e-05 2.9751620391775178 2.1535018368710097e-05 9.109438402238159e-06 
1.7 3.829101311784058 0.0016288306421805478 0.0007003024700510177 0.6186485918895055 4.419823264136675e-05 1.9002670191176178e-05 16.60408138961218 0.0005115017080532881 0.00021991599390928378 6.803935902436842 0.0009469749517842287 0.0002901271259932628 1.2223454809404901 8.652709107621588e-05 3.720161816570656e-05 1.783214216785845 8.765953410773507e-05 3.7688502824938705e-05 2.1598605492074534 1.5572300435088187e-05 6.695183757391515e-06 
1.8 3.3234753213815225 0.001391399179660524 0.0006078947914696891 0.43100635378394714 3.0305730602430987e-05 1.324041012399918e-05 15.835030889617045 0.0004800996183712208 0.00020975293191250597 4.97724499084327 0.0006902205248060735 0.00021250517800316566 0.5285479246861666 3.6823300778943476e-05 1.6087901355312667e-05 1.034666081501236 5.0058296179408785e-05 2.187019940944197e-05 1.6789956777582777 1.1913979574826752e-05 5.205153370135281e-06 
1.9 3.0114952529516246 0.0012282696746405031 0.000545055113435931 0.247706511729983 1.6968004519718205e-05 7.52969630303972e-06 15.256983595542337 0.0004506437860685623 0.00019997701238263393 3.712957690868814 0.000513091541497114 0.00015879665526243592 0.4352855095911985 2.954369527662898e-05 1.3110266021207997e-05 0.6451440142219982 3.0407784957203822e-05 1.3493713165258332e-05 1.4497440322937 1.0021918452456346e-05 4.447311540560535e-06 
2.0 2.5037765688842923 0.0009864580133317343 0.0004443524787125206 0.11033873132114665 7.301176066292788e-06 3.2888330154227382e-06 14.424716388569564 0.00041156977974026273 0.00018539263640129287 2.3374610857024463 0.000321919228688809 0.0001001772625549967 0.24183848659152385 1.585577627570939e-05 7.1422740702632514e-06 0.43445393066080257 1.9780776302595476e-05 8.910300146713227e-06 1.174679752168047 7.844233367139206e-06 3.533454534486711e-06 
2.1 2.126281871989455 0.0008036722124681777 0.00036721568267938037 0.08793496830466506 5.5821503359375524e-06 2.5506084627896814e-06 13.887623535450283 0.0003801361853839396 0.00017369266556845924 1.662641100040653 0.00022823224231045724 7.142769361385524e-05 0.15157003645815847 9.53345958403144e-06 4.356049413099505e-06 0.27869166638882603 1.2173029233115957e-05 5.562127408121293e-06 1.0921960432003281 6.996916694300632e-06 3.1970466325536883e-06 
2.2 1.7664359532653346 0.0006370036382528082 0.0002950202917822062 0.07376271377856286 4.467480902817374e-06 2.069058071780653e-06 12.960299043750906 0.00033846378037408485 0.00015675527932234833 1.20209100970736 0.00016448905510013973 5.1780820683441814e-05 0.06751549359253926 4.051599631625364e-06 1.876447846962552e-06 0.22512266640434764 9.381662552761217e-06 4.3450000243473665e-06 1.062582544620887 6.4946340174090285e-06 3.0079087587161154e-06 
2.3 1.6357653980949542 0.0005603854961136704 0.00026287003343451585 0.0667062589973409 3.838082057834367e-06 1.8003977009831167e-06 12.176818918077416 0.00030210149746179445 0.00014171214510214723 0.8428084758636678 0.00011497201822696338 3.641050753189014e-05 0.04925966886091702 2.8082541924793102e-06 1.3173179509269736e-06 0.09436765250151866 3.7359889875977447e-06 1.7525070810926094e-06 0.9578176384417408 5.561560781951774e-06 2.608860648319143e-06 
2.4 1.4168560035875573 0.0004596150325687129 0.00021821450174240966 0.03931171875416657 2.141767593875071e-06 1.0168613192076496e-06 11.328978472181708 0.00026614139111460816 0.0001263577275323857 0.6595050266630511 8.969843645282593e-05 2.8580500537032985e-05 0.01579608183870719 8.527013366161707e-07 4.0484271427080995e-07 0.0425173213381869 1.5938629374027875e-06 7.56728962469359e-07 0.8781374969158917 4.828130725231111e-06 2.29228390260716e-06 
2.5 1.0834110706553368 0.0003319829531475981 0.00015942374145856225 0.017655410177805968 9.086196562240642e-07 4.363342870006667e-07 10.252381251853267 0.00022750996505996007 0.00010925407315368967 0.5122141806700562 6.946394559219868e-05 2.2270580665606816e-05 0.009386904141417332 4.786564950930622e-07 2.298588183449624e-07 0.023880138172394188 8.456213059448683e-07 4.06081430304253e-07 0.8161381062118557 4.238714437615573e-06 2.0355012455072173e-06 
2.6 0.8287245275421435 0.00023946531257448237 0.00011624259244578316 0.014126486604685587 6.855645990835457e-07 3.327906051601452e-07 9.435748322038279 0.0001974521786752038 9.584834181833603e-05 0.3648464566848488 4.933947650440922e-05 1.5917725101240512e-05 0.0 0.0 0.0 0.02253259307285026 7.524197049286534e-07 3.6524378486338663e-07 0.7184585528655382 3.518699084258819e-06 1.7080666055282113e-06 
2.7 0.700534606237046 0.00019066689012328073 9.350755780834693e-05 0.004855061344943953 2.2193316756005035e-07 1.0884128063237894e-07 8.517896128091849 0.00016789245891826512 8.23384374588291e-05 0.2601307036612657 3.5082141656878604e-05 1.1389532804455605e-05 0.0 0.0 0.0 0.007900763904610045 2.485028303807036e-07 1.2187167243529827e-07 0.6732320743679024 3.105692661346587e-06 1.523105222296621e-06 
2.8 0.5436233091318825 0.0001392706344395443 6.897119098143561e-05 0.0 0.0 0.0 7.953394194330688 0.00014755949260970407 7.307609380012918e-05 0.20016269584717242 2.6922751117075805e-05 8.795983850372472e-06 0.0045773401704131324 1.9514333893138938e-07 9.664110853199555e-08 0.002804348215347849 8.30252113150047e-08 4.111669146137894e-08 0.6263240517961877 2.7196221027617347e-06 1.3468422557401177e-06 
2.9 0.43046369847111216 0.00010377082499725473 5.187175603978785e-05 0.0 0.0 0.0 7.359205325493762 0.00012847623999168663 6.422121225242555e-05 0.14555981618394345 1.9527636952200495e-05 6.42045030889747e-06 0.004467066755094151 1.7920092123466746e-07 8.95768773991709e-08 0.002736854646651245 7.624423936175477e-08 3.811208577860648e-08 0.5965781568086218 2.4375530319328625e-06 1.2184557288603193e-06 
3.0 0.40226534769683386 9.124642914097863e-05 4.602039166758869e-05 0.0 0.0 0.0 6.980098966004298 0.00011466159962371585 5.782989837073914e-05 0.14320696307154715 1.9163409952973738e-05 6.340736143745788e-06 0.0 0.0 0.0 0.002532830790809888 6.639356651406218e-08 3.34857809116504e-08 0.5818757541181924 2.2370799447824965e-06 1.1282775251570136e-06 
