#z II_integral II_yield II_yield_err IIb_integral IIb_yield IIb_yield_err IIn_integral IIn_yield IIn_yield_err Ia_integral Ia_yield Ia_yield_err Ib_integral Ib_yield Ib_yield_err Ic_integral Ic_yield Ic_yield_err Ic-BL_integral Ic-BL_yield Ic-BL_yield_err 
1.5 2.5437275940472253 0.0010756437816873848 0.00044769166631013907 0.5224865292163619 3.710690811019653e-05 1.544419612356313e-05 14.522090371825774 0.00044471334902323556 0.000185093302861149 5.793183984341498 0.0008125273249458729 0.0002467908431989454 1.1603570512369525 8.16523284965839e-05 3.398436138904071e-05 1.4062398043030644 6.871852404032031e-05 2.8601207070358462e-05 1.940894882525751 1.391066439356928e-05 5.78973134774102e-06 
1.6 3.29264420349367 0.0014061493107731544 0.0005948093617347091 0.5470087585836869 3.923401153410081e-05 1.6596215764639735e-05 19.691717083378066 0.0006090085400189856 0.00025761416529835256 6.351535778657662 0.0008873522780390243 0.00027062793538976153 1.2690278307890075 9.01855253275568e-05 3.8149003343249834e-05 1.6306373057318793 8.047492387708977e-05 3.4041362279416727e-05 2.2680164389689836 1.641650943060426e-05 6.9442792607568505e-06 
1.7 4.075410118902092 0.001733605966677216 0.0007453497675694299 0.5916071996313108 4.2266309152583285e-05 1.8172055419996874e-05 23.731891393120776 0.0007310794676368384 0.00031432166348753575 6.6543240120290035 0.0009261518995484535 0.00028374751448591475 1.1252668102498495 7.96551100271724e-05 3.424706587637438e-05 1.594733294075137 7.839415829506517e-05 3.37049299478486e-05 2.5165654818729153 1.81440944243727e-05 7.80090563940819e-06 
1.8 4.121595894425253 0.001725538658133201 0.0007538785260852987 0.46832907387989375 3.293003599989778e-05 1.4386954987375545e-05 26.22135558521442 0.0007950008369034493 0.00034733157459929033 6.141945877669947 0.0008517356720062932 0.00026223248090484865 0.8972382291082205 6.250951264341103e-05 2.73100686767038e-05 1.2921169427009527 6.251405528081881e-05 2.7312053330468224e-05 2.5026844920764915 1.7758790159987345e-05 7.758719567229709e-06 
1.9 3.832529303571183 0.0015631369553492664 0.0006936553169914882 0.2878088787506357 1.971503422073623e-05 8.748714093850588e-06 27.77121121641045 0.000820275101424992 0.00036400405194952576 4.804377815785485 0.000663914276615173 0.00020547477005730788 0.5820106099478867 3.950222033399158e-05 1.752944620359263e-05 0.862278718559302 4.064206637450421e-05 1.8035262577421892e-05 2.4963013243606573 1.725665203526977e-05 7.657786092749792e-06 
2.0 3.58796656077484 0.001413615899049581 0.000636766816428985 0.20119208113754225 1.331299345153459e-05 5.996871188965226e-06 28.209740629763896 0.0008048876958663869 0.0003625636751993859 3.267814747526813 0.0004500491620828894 0.00014004970518929788 0.365210768293623 2.3944494183526637e-05 1.0785857277424288e-05 0.653450241254137 2.9751723105520344e-05 1.3401738066129654e-05 2.5499402102838897 1.7027897216072357e-05 7.670258878701302e-06 
2.1 3.3478756813722583 0.001265398859559197 0.0005781888422490895 0.18077190589346456 1.147547983090296e-05 5.243401594335138e-06 28.96292079326822 0.0007927817311454212 0.0003622395798956831 2.46583132548792 0.0003384868884581974 0.00010593305098502091 0.2313148220965057 1.4549251020687207e-05 6.647875916509772e-06 0.44851616014031886 1.959082738159668e-05 8.951484124470433e-06 2.57409995763488 1.6490412209880666e-05 7.534835575213436e-06 
2.2 2.9181373926727083 0.0010523246725237256 0.0004873710498563161 0.11373472149819815 6.888408387546617e-06 3.190280447978337e-06 27.707065340008196 0.0007235819209412984 0.00033511794380004876 1.7320536285812795 0.00023700690084809862 7.460929133602424e-05 0.12285832473293443 7.372718716005541e-06 3.414582737376538e-06 0.28158727195849886 1.1734743581627281e-05 5.434800160540199e-06 2.314069337394631 1.4143873822667084e-05 6.550558790431768e-06 
2.3 2.513536044581116 0.0008610948397506183 0.00040392913607746074 0.06699429190515557 3.854654624669414e-06 1.8081716909029787e-06 26.653377814191337 0.0006612585277201033 0.0003101883480142446 1.4128134274661046 0.00019272944658924724 6.103552042377803e-05 0.06294026479567107 3.5881739884865077e-06 1.683168859407778e-06 0.13823960412522168 5.472867290551586e-06 2.5672556081967953e-06 2.1693066232544203 1.2596062293807768e-05 5.908659912291615e-06 
2.4 2.219497973208714 0.0007199846919231942 0.00034183194560046047 0.054169720752033294 2.951256168713565e-06 1.4011876216728482e-06 25.277592232172303 0.0005938234923137426 0.0002819335494184658 1.2785686899298792 0.00017389649471594154 5.5408422455958435e-05 0.041452042700358474 2.23765694410704e-06 1.0623873470799956e-06 0.10669621848537862 3.999761576045871e-06 1.8989935436343664e-06 1.9984339234188018 1.0987687306247245e-05 5.216697759936057e-06 
2.5 1.9876254156094608 0.0006090557620258711 0.00029247871741140506 0.030766341665686377 1.5833618424050688e-06 7.603567189388526e-07 23.997090053767202 0.0005325179571025407 0.0002557239891694464 0.9829780723479258 0.00013330660866627653 4.273894257302614e-05 0.031797774804874036 1.6214303683686475e-06 7.78637858929278e-07 0.06393020257938066 2.2638370433296284e-06 1.0871322400088417e-06 2.02316627786031 1.0507564891765227e-05 5.045907606945948e-06 
2.6 1.6107520571027274 0.00046543722553750525 0.00022593514332237193 0.02156859945403349 1.0467336041357578e-06 5.081112852493542e-07 22.448550043197518 0.00046975766657277626 0.00022803239599354045 0.7181640467056288 9.711986360155682e-05 3.133246236492606e-05 0.025080967889254648 1.2060235025975221e-06 5.854346793917183e-07 0.023114265533190972 7.718432049030979e-07 3.7467244894473575e-07 2.0058342785735763 9.823708286360542e-06 4.7686794649328965e-06 
2.7 1.4204210784331106 0.00038660084352600216 0.0001895982081702258 0.008396063585069207 3.837984433318242e-07 1.8822384475563507e-07 21.26225844698124 0.000419090911551069 0.00020553210687747751 0.5661904387900005 7.635843404424215e-05 2.4790017039146032e-05 0.008580670517080596 3.8863863640995605e-07 1.9059759005438276e-07 0.020571387769864044 6.470321284613197e-07 3.1731987717865017e-07 2.0199971538872767 9.318466210420661e-06 4.569996485979528e-06 
2.8 1.1370133962272082 0.00029129099948215794 0.0001442564488724169 0.007563807571890703 3.254496110652963e-07 1.6117286583743045e-07 20.182233647164484 0.00037444141255175235 0.0001854351441737422 0.46035452845921115 6.191968160135678e-05 2.022989838658419e-05 0.008950292925713314 3.815731365624176e-07 1.8896699782505873e-07 0.012745113579338257 3.773303694480896e-07 1.8686584633601964e-07 1.9148297852155334 8.314567182857096e-06 4.117634728990543e-06 
2.9 1.0107836189631612 0.000243667120842147 0.00012180149331544522 0.003844611990455834 1.556585762960357e-07 7.780880315196755e-08 18.676033475230767 0.00032604424699830375 0.00016297921539045075 0.3908648800235357 5.2436638590005024e-05 1.7240531112741986e-05 0.005789574237480796 2.3225465250321493e-07 1.1609676105081736e-07 0.005486776546798953 1.5285251077197952e-07 7.640613967406467e-08 1.8545719028480654 7.577577745902928e-06 3.7877916477815487e-06 
3.0 0.9204471503892386 0.00020878635499397852 0.0001053019819200352 0.002682648437577828 1.0219951102471981e-07 5.1544609141109145e-08 17.69343161273757 0.0002906487689401141 0.00014658951928585114 0.4260752757358143 5.701576937758549e-05 1.8865220257933813e-05 0.00559167472855993 2.1106888398635806e-07 1.0645318179942598e-07 0.0 0.0 0.0 1.7712599129035174 6.809787141171696e-06 3.434535185211846e-06 
